-0.973540	0.228516	0.000009
0.228516	0.973540	0.000099
0.000014	0.000098	-1.000000
-0.161604	0.986855	0.000009
0.986855	0.161604	0.000099
0.000096	0.000025	-1.000000
0.270143	-0.962820	0.000009
-0.962820	-0.270143	0.000099
-0.000093	-0.000035	-1.000000
0.976878	0.213801	0.000009
0.213801	-0.976878	0.000099
0.000030	-0.000095	-1.000000
-0.563959	0.825803	0.000009
0.825803	0.563959	0.000099
0.000077	0.000063	-1.000000
0.640403	0.768039	0.000010
0.768039	-0.640403	0.000099
0.000082	-0.000056	-1.000000
0.852124	-0.523339	0.000009
-0.523339	-0.852124	0.000099
-0.000044	-0.000089	-1.000000
-0.344680	-0.938720	0.000009
-0.938720	0.344680	0.000099
-0.000096	0.000026	-1.000000
-0.762626	-0.646839	0.000009
-0.646839	0.762626	0.000099
-0.000071	0.000070	-1.000000
0.134351	0.990934	0.000009
0.990934	-0.134351	0.000099
0.000099	-0.000004	-1.000000
0.320396	-0.596176	0.736153
0.000947	0.777321	0.629103
-0.947283	-0.200864	0.249614
-0.161102	0.657363	0.736152
-0.195333	-0.752379	0.629104
0.967414	-0.042446	0.249615
-0.404312	0.542780	0.736152
0.112988	-0.769065	0.629104
0.907615	0.337531	0.249615
0.079205	-0.672165	0.736153
0.286198	0.722716	0.629103
-0.954892	0.160857	0.249615
-0.671039	-0.088238	0.736152
0.726501	-0.276452	0.629104
0.148000	0.956969	0.249615
-0.269451	-0.620866	0.736153
0.610735	0.480865	0.629103
-0.744580	0.619107	0.249615
0.293827	0.491937	-0.819551
-0.021205	0.860542	0.508939
0.955624	-0.132161	0.263282
-0.221320	-0.528539	-0.819551
0.142664	-0.848898	0.508939
-0.964710	-0.004282	0.263283
-0.480672	0.311915	-0.819551
-0.860735	0.010805	0.508939
0.167601	0.950048	0.263282
-0.572646	0.020312	-0.819551
-0.743747	-0.433382	0.508939
-0.344842	0.900981	0.263282
-0.259358	0.510950	-0.819551
-0.739189	0.441113	0.508939
0.621557	0.737801	0.263283
-0.454193	-0.349350	-0.819550
-0.296851	-0.807998	0.508939
-0.839993	0.474440	0.263282
0.079844	0.567416	-0.819550
-0.353563	0.784840	0.508940
0.931997	0.249127	0.263282
-0.322311	-0.815086	0.481404
0.018885	-0.513979	-0.857595
0.946446	-0.267322	0.181054
0.020790	-0.876252	0.481404
0.217679	-0.465990	-0.857595
0.975799	0.122622	0.181054
-0.032347	0.875902	0.481405
-0.223808	0.463078	-0.857594
-0.974097	-0.135483	0.181055
0.608933	0.630436	0.481404
0.178660	0.482298	-0.857595
-0.772839	0.608226	0.181054
0.853180	0.200831	0.481404
0.411161	0.308994	-0.857595
-0.320983	0.929618	0.181054
0.830653	-0.279757	0.481404
0.512316	0.045422	-0.857595
0.218052	0.958995	0.181054
0.871486	0.093601	0.481405
0.446270	0.255684	-0.857595
-0.203359	0.962219	0.181054
0.517836	-0.707174	0.481405
0.444941	-0.257990	-0.857594
0.730667	0.658291	0.181054
-0.320662	0.641433	-0.696949
-0.005790	-0.737118	-0.675739
-0.947176	-0.212649	0.240079
0.041047	-0.715944	-0.696949
0.296644	0.674818	-0.675739
0.954105	-0.179009	0.240079
-0.164567	0.697982	-0.696949
-0.175140	-0.716033	-0.675739
-0.970693	0.010859	0.240079
0.684599	0.213506	-0.696949
-0.726624	0.124074	-0.675739
-0.057801	0.969031	0.240079
0.684417	-0.214090	-0.696949
-0.526836	0.515578	-0.675739
0.504002	0.829665	0.240079
0.381000	0.607536	-0.696949
-0.632541	-0.378509	-0.675738
-0.674337	0.698305	0.240079
-0.092649	-0.100909	0.990573
-0.302515	-0.944971	-0.124558
0.948631	-0.311203	0.057024
-0.004542	0.136915	0.990573
-0.445897	0.886376	-0.124558
-0.895073	-0.442259	0.057024
0.022281	0.135167	0.990573
-0.264229	0.956383	-0.124557
-0.964203	-0.258964	0.057024
0.095441	-0.098272	0.990573
0.926110	-0.356100	-0.124558
0.364983	0.929267	0.057024
0.101022	0.092525	0.990573
0.383042	0.915294	-0.124558
-0.918191	0.392014	0.057024
0.131828	-0.037252	0.990573
0.979927	0.155654	-0.124558
-0.149547	0.987109	0.057024
-0.013444	-0.136329	0.990573
0.325862	-0.937176	-0.124558
0.945321	0.321116	0.057024
0.436838	-0.896326	0.075983
-0.105500	0.032836	0.993877
-0.893332	-0.442180	-0.080218
0.205248	0.975756	0.075983
0.063138	-0.090675	0.993877
0.976672	-0.199194	-0.080218
0.592345	0.802093	0.075984
0.019724	-0.108717	0.993877
0.805443	-0.587219	-0.080218
-0.324888	-0.942696	0.075983
-0.051383	0.097817	0.993877
-0.944356	0.318994	-0.080218
-0.651232	0.755065	0.075983
0.110387	-0.004808	0.993877
0.750808	0.655632	-0.080218
-0.961213	0.265134	0.075983
0.094402	0.057416	0.993877
0.259148	0.962500	-0.080218
-0.919364	-0.386002	0.075984
0.038687	0.103497	0.993877
-0.391502	0.916673	-0.080218
0.633572	0.555755	-0.538259
0.741925	-0.239145	0.626384
0.219394	-0.796207	-0.563844
-0.794321	-0.281660	-0.538260
-0.600643	0.496861	0.626384
0.091013	0.820851	-0.563844
-0.190930	-0.820867	-0.538259
-0.742266	-0.238085	0.626384
-0.642330	0.519127	-0.563844
0.113964	0.835038	-0.538259
0.716981	0.305910	0.626385
0.687714	-0.457307	-0.563844
0.656888	-0.527991	-0.538259
-0.107325	-0.772091	0.626384
-0.746311	-0.353696	-0.563844
0.838087	0.088816	-0.538259
0.468332	-0.623144	0.626384
-0.279780	-0.777047	-0.563844
-0.830782	0.141699	-0.538259
-0.281873	0.726768	0.626384
0.479946	0.672110	-0.563844
-0.549321	0.639158	-0.538259
0.246633	0.739469	0.626384
0.798384	0.211334	-0.563844
0.249833	0.804898	-0.538259
0.757549	0.183745	0.626384
0.603078	-0.564249	-0.563844
0.686372	-0.349519	-0.637753
-0.721785	-0.434699	-0.538575
-0.088988	0.829984	-0.550643
0.515993	-0.571859	-0.637753
-0.829507	-0.147836	-0.538576
0.213706	0.806922	-0.550643
-0.394523	0.661531	-0.637753
0.842410	-0.016822	-0.538576
-0.367012	-0.749730	-0.550643
-0.555051	-0.534031	-0.637753
-0.174310	0.824350	-0.538576
0.813348	-0.187770	-0.550643
-0.770066	-0.016399	-0.637753
0.430614	0.724230	-0.538575
0.470712	-0.689364	-0.550643
0.290919	-0.713188	-0.637754
-0.830373	0.142888	-0.538576
0.475233	0.686256	-0.550642
-0.687350	0.347592	-0.637753
0.720562	0.436722	-0.538576
0.091316	-0.829731	-0.550643
-0.224409	0.736826	-0.637753
0.813806	-0.218305	-0.538576
-0.536061	-0.639868	-0.550643
0.262514	0.724126	-0.637753
0.520111	-0.662889	-0.538575
-0.812755	-0.190319	-0.550643
0.764848	0.090986	-0.637753
-0.358366	-0.762569	-0.538576
-0.535333	0.640477	-0.550643
0.508597	0.578446	-0.637753
0.242428	-0.806949	-0.538575
-0.826170	0.119308	-0.550643
-0.049312	-0.768661	-0.637753
-0.684881	0.490790	-0.538576
0.726984	0.410226	-0.550643
-0.005829	-0.927376	-0.374085
-0.170362	-0.367702	0.914206
-0.985365	0.069059	-0.155846
-0.123445	0.919142	-0.374085
0.117466	0.387852	0.914206
0.985374	0.068912	-0.155846
0.136084	0.290221	0.947235
0.107094	-0.954835	0.277164
0.984892	0.063725	-0.161019
-0.167463	-0.273319	0.947235
-0.000427	0.960823	0.277164
-0.985879	0.046010	-0.161019
0.196906	0.252933	0.947235
-0.106754	-0.954873	0.277164
0.974593	-0.155696	-0.161019
-0.471483	0.881875	-0.000000
0.881875	0.471483	0.000004
0.000004	0.000002	-1.000000
-0.922615	-0.385722	0.000000
-0.385722	0.922615	0.000004
-0.000002	0.000005	-1.000000
0.766470	-0.642280	0.000000
-0.642280	-0.766470	0.000005
-0.000003	-0.000004	-1.000000
0.566990	0.823725	-0.000000
0.823725	-0.566990	0.000005
0.000004	-0.000003	-1.000000
-0.158652	-0.987334	-0.000000
-0.987334	0.158652	0.000005
-0.000005	0.000001	-1.000000
0.925514	0.378713	0.000000
0.378713	-0.925514	0.000004
0.000002	-0.000005	-1.000000
0.993500	-0.113833	-0.000000
-0.113833	-0.993500	0.000005
-0.000001	-0.000005	-1.000000
0.089262	0.996008	0.000000
0.996008	-0.089262	0.000005
0.000005	-0.000000	-1.000000
0.280828	-0.959758	-0.000000
-0.959758	-0.280828	0.000004
-0.000005	-0.000001	-1.000000
-0.862523	0.506018	0.000000
0.506018	0.862523	0.000004
0.000003	0.000004	-1.000000
-0.998239	0.059324	0.000000
0.059324	0.998239	0.000005
0.000000	0.000005	-1.000000
-0.543524	-0.839393	0.000000
-0.839393	0.543524	0.000004
-0.000004	0.000003	-1.000000
-0.109202	-0.479089	-0.870947
-0.127986	0.875671	-0.465640
0.985745	0.060620	-0.156942
0.170660	0.460789	-0.870947
0.012865	-0.884880	-0.465640
-0.985246	0.068261	-0.156942
0.471483	-0.138401	-0.870947
-0.881875	-0.073999	-0.465640
-0.000004	0.987608	-0.156942
-0.066316	0.553357	0.830299
0.166229	0.826629	-0.537635
-0.983854	0.102365	-0.146804
0.164993	-0.532335	0.830299
-0.014474	-0.843054	-0.537635
0.986188	0.076687	-0.146803
0.072647	0.995636	-0.058581
0.153423	-0.069193	-0.985735
-0.985486	0.062623	-0.157780
0.073603	-0.995565	-0.058581
-0.161886	0.046034	-0.985735
0.984060	0.082036	-0.157780
-0.857350	0.514728	-0.002399
-0.514733	-0.857331	0.005702
0.000878	0.006123	0.999981
-0.999922	-0.012215	-0.002399
0.012201	-0.999910	0.005703
-0.002468	0.005672	0.999981
-0.467014	0.884246	-0.002399
-0.884241	-0.466996	0.005702
0.003922	0.004784	0.999981
-0.676723	-0.736234	-0.002399
0.736215	-0.676724	0.005703
-0.005821	0.002092	0.999981
0.941871	0.335969	-0.002399
-0.335951	0.941863	0.005702
0.004175	-0.004565	0.999981
0.894936	-0.446186	-0.002400
0.446193	0.894918	0.005702
-0.000397	-0.006173	0.999981
0.716783	0.697293	-0.002399
-0.697275	0.716783	0.005703
0.005696	-0.002414	0.999981
-0.061218	0.998121	-0.002399
-0.998109	-0.061204	0.005703
0.005544	0.002744	0.999981
0.070905	-0.997480	-0.002399
0.997468	0.070890	0.005702
-0.005518	-0.002797	0.999981
-0.203063	-0.979162	-0.002399
0.979146	-0.203075	0.005703
-0.006070	-0.001191	0.999981
0.389286	0.921114	-0.002399
-0.921097	0.389293	0.005702
0.006186	-0.000010	0.999981
-0.907811	-0.419373	-0.002399
0.419355	-0.907805	0.005703
-0.004569	0.004170	0.999981
0.512965	-0.858406	-0.002399
0.858402	0.512946	0.005702
-0.003664	-0.004984	0.999981
0.703909	0.710246	-0.007990
0.710290	-0.703852	0.009019
0.000783	-0.012024	-0.999928
0.926388	-0.376486	-0.007990
-0.376416	-0.926407	0.009020
-0.010798	-0.005348	-0.999928
-0.103715	0.994575	-0.007990
0.994559	0.103786	0.009020
0.009800	-0.007011	-0.999928
-0.998423	-0.055555	-0.007990
-0.055627	0.998411	0.009020
0.007476	0.009450	-0.999928
-0.844043	-0.536216	-0.007990
-0.536272	0.843997	0.009020
0.001907	0.011898	-0.999928
0.983485	0.180814	-0.007990
0.180883	-0.983464	0.009020
-0.006227	-0.010316	-0.999928
0.136060	-0.990669	-0.007990
-0.990650	-0.136130	0.009020
-0.010024	0.006688	-0.999928
-0.880036	0.474839	-0.007990
0.474772	0.880062	0.009020
0.011315	0.004144	-0.999928
-0.561734	-0.827279	-0.007990
-0.827312	0.561670	0.009020
-0.002974	0.011677	-0.999928
0.549352	-0.835553	-0.007990
-0.835506	-0.549407	0.009019
-0.011926	0.001721	-0.999928
-0.572934	0.819563	-0.007990
0.819514	0.572988	0.009020
0.011971	-0.001380	-0.999928
0.264627	0.964318	-0.007990
0.964329	-0.264555	0.009020
0.006584	-0.010092	-0.999928
-0.310707	0.800514	-0.512483
-0.081305	0.514809	0.853441
0.947022	0.306837	-0.094869
-0.033411	0.858047	-0.512483
0.090579	0.513259	0.853440
0.995328	-0.017905	-0.094869
-0.115702	-0.850867	-0.512483
-0.178102	-0.489815	0.853440
-0.977186	0.190019	-0.094868
0.857350	0.048083	-0.512483
0.514733	-0.081786	0.853441
-0.000879	-0.995490	-0.094869
-0.845735	0.148641	-0.512483
-0.482533	0.196980	0.853440
0.227805	0.969074	-0.094869
0.625176	0.588657	-0.512483
0.446566	0.268733	0.853441
0.640105	-0.762407	-0.094869
0.678744	-0.525992	-0.512483
0.334930	-0.399325	0.853440
-0.653550	-0.750914	-0.094868
-0.498983	-0.698840	-0.512483
-0.385890	-0.350325	0.853440
-0.775955	0.623615	-0.094869
-0.792150	-0.331452	-0.512483
-0.512517	-0.094686	0.853440
-0.331400	0.938708	-0.094869
0.027014	0.519424	0.854089
0.231759	0.827867	-0.510807
-0.972398	0.211742	-0.098017
0.410285	-0.319683	0.854090
0.545825	-0.664192	-0.510806
0.730577	0.675760	-0.098017
0.193391	-0.482836	0.854089
0.136936	-0.848719	-0.510806
0.971518	0.215741	-0.098017
-0.382884	-0.352038	0.854089
-0.745011	-0.428993	-0.510807
0.546221	-0.831886	-0.098016
0.074019	-0.514832	0.854089
-0.067162	-0.857068	-0.510807
0.994992	-0.019553	-0.098016
-0.512965	-0.086010	0.854089
-0.858401	0.047150	-0.510806
0.003665	-0.995178	-0.098017
0.417611	0.310052	0.854089
0.785801	0.348702	-0.510806
-0.456199	0.884463	-0.098017
0.508609	0.108847	0.854089
0.859651	-0.008742	-0.510807
-0.048133	0.994020	-0.098017
-0.517036	0.056610	0.854089
-0.813294	0.278622	-0.510807
-0.266886	-0.958731	-0.098016
-0.165923	-0.492951	0.854089
-0.446180	-0.734847	-0.510807
0.879428	-0.465831	-0.098016
0.505931	-0.120684	0.854090
0.772170	-0.377927	-0.510806
0.384430	0.917936	-0.098017
-0.306882	-0.603836	0.735666
0.273679	0.684330	0.675865
-0.911550	0.408747	-0.044751
0.676722	-0.029011	0.735666
-0.736215	-0.034567	0.675865
0.005822	-0.998981	-0.044751
-0.103875	0.669332	0.735667
0.177859	-0.715244	0.675865
0.978559	0.201050	-0.044751
-0.583737	0.343578	0.735667
0.666127	-0.315409	0.675864
0.464248	0.884574	-0.044751
0.070954	0.673618	0.735666
-0.011190	-0.736941	0.675865
0.997417	-0.056187	-0.044751
-0.047308	-0.675690	0.735667
-0.014638	0.736881	0.675864
-0.998773	0.021205	-0.044751
0.514562	-0.440479	0.735667
-0.600611	0.427170	0.675864
-0.611958	-0.789623	-0.044750
0.622815	0.266265	0.735666
-0.648992	-0.349309	0.675865
0.436934	-0.898380	-0.044751
-0.674307	-0.064078	0.735667
0.724517	0.135216	0.675865
-0.142783	0.988742	-0.044751
-0.530079	-0.421677	0.735667
0.533332	0.508689	0.675865
-0.659222	0.750616	-0.044752
-0.437240	0.517317	0.735667
0.524309	-0.517984	0.675864
0.730700	0.681231	-0.044751
0.148324	0.313272	-0.938009
0.169103	-0.942565	-0.288054
-0.974373	-0.115896	-0.192780
0.266738	0.221337	-0.938009
-0.244738	-0.925813	-0.288054
-0.932177	0.306401	-0.192781
0.320215	-0.132671	-0.938009
-0.933064	-0.215447	-0.288054
-0.163874	0.967461	-0.192781
-0.183343	0.294151	-0.938009
0.884350	-0.367355	-0.288054
-0.429314	-0.882341	-0.192780
-0.312812	0.149291	-0.938009
0.943083	0.166189	-0.288055
0.112884	-0.974728	-0.192780
-0.344733	-0.036035	-0.938009
0.717492	0.634217	-0.288054
0.605280	-0.772316	-0.192780
0.238703	-0.251317	-0.938009
-0.940124	0.182187	-0.288054
0.243286	0.950604	-0.192780
-0.245253	-0.244929	-0.938009
0.158560	0.944396	-0.288054
0.956404	-0.219377	-0.192780
0.089125	0.981787	0.167784
0.901294	-0.007796	-0.433138
-0.423941	0.189826	-0.885574
0.859372	0.483041	0.167783
0.504422	-0.746960	-0.433138
-0.083895	0.456861	-0.885574
-0.266096	-0.949233	0.167783
-0.884863	0.171490	-0.433138
0.382375	-0.263722	-0.885574
0.985805	-0.006080	0.167784
0.068178	-0.898746	-0.433138
0.153428	0.438429	-0.885573
-0.589890	0.789861	0.167784
0.675630	0.596587	-0.433138
-0.442216	-0.142144	-0.885574
0.479814	0.861178	0.167783
0.820607	-0.372821	-0.433138
-0.310456	0.345510	-0.885573
-0.706905	-0.687120	0.167784
-0.678983	0.592768	-0.433139
0.198161	-0.420110	-0.885573
0.567108	-0.806374	0.167783
-0.692381	-0.577063	-0.433138
0.446093	0.129465	-0.885574
0.888458	-0.427190	0.167783
-0.322829	-0.841530	-0.433138
0.326228	0.330659	-0.885574
-0.985823	-0.000851	0.167784
-0.074494	0.898244	-0.433138
-0.150342	-0.439497	-0.885574
0.319204	-0.932715	0.167783
-0.826044	-0.360614	-0.433138
0.464500	-0.000338	-0.885574
0.093361	0.965891	-0.241532
-0.175212	-0.222868	-0.958974
-0.980094	0.131849	0.148429
0.060516	-0.968504	-0.241533
0.137775	0.247765	-0.958973
0.988613	0.024756	0.148429
0.458166	-0.855422	-0.241533
0.022139	0.282629	-0.958974
0.888591	0.434022	0.148429
-0.608031	0.756281	-0.241533
0.030351	-0.281865	-0.958974
-0.793334	-0.590416	0.148429
-0.458266	0.855368	-0.241533
-0.022106	-0.282632	-0.958974
-0.888541	-0.434125	0.148429
0.793603	0.558441	-0.241532
-0.283229	-0.012270	-0.958974
-0.538494	0.829454	0.148429
-0.969930	-0.029956	-0.241533
0.243299	-0.145516	-0.958974
-0.006420	-0.988903	0.148429
0.969786	-0.034329	-0.241533
-0.233130	0.161306	-0.958974
0.071881	0.986307	0.148429
-0.880656	0.407562	-0.241533
0.152376	-0.239062	-0.958974
-0.448583	-0.881330	0.148429
0.140973	0.979531	0.143685
0.212393	0.111832	-0.970764
-0.966962	0.167369	-0.192280
-0.904892	-0.400656	0.143685
-0.207541	0.120597	-0.970764
0.371614	-0.908257	-0.192280
-0.038551	-0.988873	0.143685
-0.199639	-0.133271	-0.970764
0.979111	-0.066109	-0.192280
-0.803277	0.578014	0.143685
-0.000923	0.240034	-0.970764
-0.595605	-0.779925	-0.192280
-0.615006	0.775320	0.143685
0.064629	0.231171	-0.970764
-0.785870	-0.587739	-0.192280
-0.247059	0.958288	0.143685
0.152957	0.184990	-0.970764
-0.956852	-0.217858	-0.192280
-0.177203	-0.766957	-0.616746
-0.209739	0.641696	-0.737723
0.961566	-0.001370	-0.274571
-0.765796	-0.182153	-0.616746
0.481604	0.473098	-0.737723
0.426160	-0.861973	-0.274571
-0.780119	0.105070	-0.616746
0.619397	0.268537	-0.737723
0.088107	-0.957521	-0.274571
0.839364	0.351139	-0.414932
-0.289890	0.934902	0.204750
0.459816	-0.051574	0.886515
-0.115649	0.902472	-0.414932
-0.978316	-0.031230	0.204749
0.171822	0.429614	0.886515
0.535771	-0.735377	-0.414933
0.842492	0.498282	0.204749
0.056186	-0.459275	0.886515
0.898753	-0.141683	-0.414933
0.243961	0.947924	0.204750
0.364315	-0.285247	0.886515
-0.204422	-0.978881	0.001497
0.978665	-0.204345	0.021441
-0.020682	0.005848	0.999769
-0.882186	0.470899	0.001497
-0.470763	-0.881999	0.021441
0.011417	0.018210	0.999769
0.998326	0.057827	0.001497
-0.057847	0.998095	0.021440
-0.000254	-0.021492	0.999769
-0.971380	-0.237524	0.001497
0.237501	-0.971150	0.021441
-0.003639	0.021183	0.999769
0.539148	-0.842210	0.001497
0.842000	0.539051	0.021440
-0.018865	-0.010299	0.999769
0.519792	0.854291	0.001497
-0.854113	0.519645	0.021440
0.017539	-0.012423	0.999769
-0.769511	-0.638631	0.001497
0.638510	-0.769314	0.021441
-0.012541	0.017455	0.999769
0.874402	0.485199	0.001497
-0.485116	0.874187	0.021441
0.009094	-0.019474	0.999769
-0.330804	0.943698	0.001497
-0.943471	-0.330759	0.021441
0.020729	0.005680	0.999769
0.823302	-0.567603	0.001497
0.567447	0.823131	0.021440
-0.013402	-0.016803	0.999769
0.081507	0.996671	0.001497
-0.996447	0.081455	0.021440
0.021248	-0.003239	0.999769
0.124029	-0.873706	-0.470377
-0.010994	-0.475218	0.879800
-0.992217	-0.103949	-0.068546
-0.042655	0.881434	-0.470377
0.054917	0.472162	0.879800
0.997580	0.011696	-0.068546
0.882186	0.022224	-0.470377
0.470763	-0.065841	0.879800
-0.011417	-0.997582	-0.068546
-0.770940	-0.429415	-0.470377
-0.447487	-0.160339	0.879800
-0.453218	0.888761	-0.068546
-0.873304	0.126825	-0.470377
-0.452924	0.144266	0.879800
0.179440	0.981378	-0.068546
0.012061	-0.540498	0.841259
-0.046876	-0.840701	-0.539467
0.998828	-0.032928	-0.035476
-0.539147	-0.040047	0.841259
-0.842001	0.003257	-0.539467
0.018864	-0.999193	-0.035476
-0.784859	0.619449	0.016720
0.619100	0.782687	0.064150
0.026651	0.060700	-0.997800
0.998107	0.059196	0.016719
0.058010	-0.996253	0.064149
0.020455	-0.063059	-0.997801
0.670909	-0.741351	0.016720
-0.740647	-0.668825	0.064150
-0.036375	-0.055422	-0.997800
-0.973089	-0.229819	0.016720
-0.228334	0.971467	0.064150
-0.030986	0.058606	-0.997800
-0.290275	0.956797	0.016720
0.955271	0.288691	0.064149
0.056552	0.034593	-0.997800
0.734617	0.678276	0.016719
0.676185	-0.733934	0.064150
0.055783	-0.035820	-0.997800
-0.081982	-0.996493	0.016720
-0.994491	0.082894	0.064150
-0.065311	-0.011369	-0.997800
0.135546	0.990630	0.016720
0.988581	-0.136348	0.064149
0.065829	0.007834	-0.997800
0.951389	-0.307537	0.016720
-0.307967	-0.949232	0.064149
-0.003857	-0.066181	-0.997800
-0.634094	-0.773076	0.016720
-0.770910	0.633706	0.064149
-0.060188	0.027788	-0.997800
-0.012041	-0.670965	0.741390
0.032496	0.740790	0.670950
-0.999400	0.032170	0.012885
-0.022783	0.670686	0.741391
0.005978	-0.741478	0.670950
0.999722	0.019718	0.012884
0.561816	-0.367017	0.741390
-0.610071	0.421473	0.670950
-0.558727	-0.829251	0.012885
-0.670909	0.014863	0.741391
0.740647	-0.035612	0.670950
0.036375	0.999255	0.012884
0.062130	0.519331	-0.852312
0.008339	-0.854201	-0.519875
-0.998034	0.025192	-0.057401
-0.519793	0.058146	-0.852312
0.854112	0.014888	-0.519875
-0.017538	-0.998197	-0.057402
-0.073289	-0.517875	-0.852312
0.010041	0.854183	-0.519875
0.997260	-0.046660	-0.057402
0.479223	-0.209548	-0.852312
-0.820170	0.238852	-0.519875
0.312515	0.948178	-0.057402
0.510784	0.112542	-0.852312
-0.803705	-0.289462	-0.519875
-0.305218	0.950551	-0.057402
-0.409953	0.324813	-0.852312
0.732160	-0.440081	-0.519875
-0.543948	-0.837154	-0.057402
0.071258	0.993345	0.090495
0.601912	0.029522	-0.798017
-0.795377	0.111335	-0.595801
-0.824307	0.558863	0.090495
0.275701	0.535872	-0.798017
-0.494475	-0.632862	-0.595801
-0.533256	0.841100	0.090495
0.466439	0.381581	-0.798016
-0.705743	-0.383336	-0.595802
-0.127330	-0.987723	0.090495
-0.602618	0.004572	-0.798016
0.787806	-0.156146	-0.595802
0.922060	0.376317	0.090495
0.293199	-0.526501	-0.798016
-0.252661	0.762353	-0.595802
0.060052	0.724172	-0.687000
0.610826	-0.570999	-0.548500
-0.789484	-0.386699	-0.476633
-0.547158	0.478172	-0.687001
0.822097	0.152659	-0.548500
-0.157401	-0.864897	-0.476633
0.575450	-0.443721	-0.687001
-0.811189	-0.202781	-0.548500
0.104070	0.872921	-0.476633
-0.649300	-0.326252	-0.687001
0.168866	0.818921	-0.548500
0.741548	-0.472153	-0.476633
0.254466	0.680645	-0.687000
0.432796	-0.715427	-0.548500
-0.864832	-0.157756	-0.476633
-0.071258	-0.723155	-0.687000
-0.601911	0.580388	-0.548500
0.795378	0.374428	-0.476633
0.079350	0.954273	0.288212
0.019878	0.287552	-0.957558
-0.996648	0.081711	0.003848
-0.891612	0.349229	0.288212
-0.269825	0.101370	-0.957559
-0.363622	-0.931539	0.003849
0.957317	0.021867	0.288212
0.288044	0.010599	-0.957559
-0.023995	0.999704	0.003849
-0.903081	-0.318401	0.288213
-0.270475	-0.099623	-0.957558
0.333600	-0.942707	0.003848
-0.704822	0.648196	0.288212
-0.214859	0.192138	-0.957559
-0.676063	-0.736834	0.003848
-0.584580	-0.758419	0.288213
-0.172766	-0.230724	-0.957558
0.792729	-0.609563	0.003848
-0.078652	-0.871559	-0.483940
-0.019946	0.486723	-0.873328
0.996702	-0.059036	-0.055666
-0.874402	0.034946	-0.483941
0.485115	0.044274	-0.873328
-0.009094	-0.998408	-0.055667
-0.769444	-0.416841	-0.483941
0.394349	0.285982	-0.873328
0.502437	-0.862819	-0.055666
0.787661	0.381301	-0.483940
-0.406987	-0.267692	-0.873328
-0.462548	0.884845	-0.055666
-0.345313	-0.918615	0.192110
-0.934355	0.355701	0.021378
-0.087972	-0.172117	-0.981141
0.897741	0.396428	0.192110
0.400028	-0.916254	0.021377
0.184496	0.057658	-0.981141
-0.070254	0.978855	0.192110
0.997498	0.067396	0.021378
0.007979	0.193131	-0.981141
-0.939872	-0.282371	0.192110
-0.283653	0.958689	0.021378
-0.190210	-0.034400	-0.981141
0.944948	-0.264891	0.192110
-0.273884	-0.961525	0.021378
0.179056	-0.072817	-0.981141
-0.919314	0.343448	0.192110
0.353804	0.935076	0.021378
-0.172295	0.087622	-0.981141
0.079136	0.882365	-0.463863
-0.073355	-0.458906	-0.885452
-0.994161	0.104098	0.028410
-0.246037	-0.851056	-0.463863
0.159567	0.436479	-0.885451
0.956035	-0.291871	0.028410
-0.885418	0.029429	-0.463863
0.462304	-0.047452	-0.885452
-0.048068	-0.998440	0.028410
-0.648094	-0.603990	-0.463863
0.361033	0.292628	-0.885452
0.670544	-0.741326	0.028410
0.615832	0.636853	-0.463863
-0.345339	-0.310994	-0.885451
-0.708161	0.705479	0.028410
0.345313	-0.630805	0.694870
0.934356	0.161675	-0.317555
0.087972	0.758912	0.645225
-0.028038	0.718588	0.694870
-0.908504	0.271625	-0.317556
-0.416936	-0.640196	0.645225
0.702137	-0.155433	0.694870
0.493512	0.809694	-0.317556
-0.513274	0.565894	0.645224
0.676117	0.244993	0.694870
-0.017178	0.948084	-0.317555
-0.736594	0.202768	0.645225
0.228563	0.681846	0.694871
-0.753175	0.576094	-0.317555
-0.616835	-0.450778	0.645224
0.486939	0.529194	0.694870
-0.452477	0.833320	-0.317555
-0.747098	-0.159783	0.645224
0.398840	0.847473	-0.350308
-0.887050	0.259679	-0.381718
-0.232528	0.462985	0.855322
0.933246	-0.079602	-0.350308
-0.064638	0.922016	-0.381718
0.353375	0.378880	0.855322
0.028039	-0.936215	-0.350308
0.908503	0.170038	-0.381717
0.416936	-0.307553	0.855322
0.407881	-0.843160	-0.350308
0.759881	0.526187	-0.381717
0.506177	-0.110497	0.855322
0.862838	0.364411	-0.350308
-0.486805	0.785692	-0.381718
0.136132	0.499892	0.855322
-0.254467	0.965948	-0.046826
-0.432796	-0.070447	0.898736
0.864832	0.248965	0.435985
-0.020756	-0.998688	-0.046826
0.435493	-0.051191	0.898736
-0.899952	-0.001737	0.435984
0.127777	0.990697	-0.046827
-0.427488	0.097615	0.898736
0.894945	-0.094820	0.435984
0.419604	-0.906498	-0.046826
0.413785	0.145110	0.898736
-0.807908	-0.396489	0.435985
0.955002	-0.292881	-0.046826
0.168250	0.404928	0.898735
-0.244260	-0.866173	0.435985
0.932610	0.357835	-0.046826
-0.117019	0.422589	0.898736
0.341387	-0.832690	0.435984
0.003018	-0.091292	0.995819
0.188335	0.978056	0.089093
-0.982100	0.187279	0.020145
0.020757	0.088952	0.995819
-0.435493	-0.895772	0.089094
0.899953	-0.435521	0.020145
-0.022526	0.088521	0.995819
0.025798	-0.995689	0.089093
0.999414	0.027697	0.020145
-0.066175	-0.062962	0.995819
0.855701	0.509742	0.089093
-0.513221	0.858020	0.020145
0.055976	0.072181	0.995819
-0.769510	-0.632390	0.089093
0.636177	-0.771280	0.020145
0.119207	-0.842326	0.525620
-0.818738	-0.382870	-0.427878
0.561656	-0.379340	-0.735284
-0.333377	-0.782677	0.525620
-0.898779	0.095481	-0.427878
0.284703	-0.615061	-0.735284
-0.850695	0.006368	0.525620
-0.257890	0.866264	-0.427878
-0.458051	-0.499545	-0.735284
-0.127777	0.792799	-0.595938
0.427488	-0.498160	-0.754381
-0.894945	-0.351149	-0.275259
-0.086179	0.996177	0.014353
-0.996279	-0.086144	-0.002956
-0.001707	-0.014553	0.999892
-0.729110	0.684246	0.014353
-0.684345	-0.729153	-0.002955
0.008443	-0.011976	0.999892
-0.829143	-0.558852	0.014352
0.558872	-0.829249	-0.002955
0.013553	0.005571	0.999892
0.990134	0.139387	0.014352
-0.139359	0.990238	-0.002955
-0.014624	0.000926	0.999892
-0.984002	0.177575	0.014352
-0.177634	-0.984092	-0.002955
0.013599	-0.005457	0.999892
-0.380331	-0.924739	0.014352
0.924814	-0.380409	-0.002956
0.008192	0.012149	0.999892
0.816277	0.577482	0.014353
-0.577505	0.816382	-0.002956
-0.013423	-0.005876	0.999892
0.049879	-0.998652	0.014352
0.998752	0.049842	-0.002955
0.002236	0.014481	0.999892
0.773085	-0.634140	0.014352
0.634235	0.773134	-0.002955
-0.009222	0.011387	0.999892
0.473079	0.880903	0.014352
-0.880970	0.473163	-0.002955
-0.009394	-0.011246	0.999892
0.037026	-0.729759	-0.682702
-0.074000	-0.683297	0.726382
-0.996570	0.023626	-0.079301
-0.055297	0.728602	-0.682702
0.056859	0.684936	0.726382
0.996849	0.001348	-0.079302
0.729110	0.048137	-0.682702
0.684344	-0.063584	0.726382
-0.008443	-0.996815	-0.079302
-0.727315	-0.070229	-0.682702
-0.685958	0.042799	0.726382
-0.021794	0.996613	-0.079301
0.562091	-0.466875	-0.682702
0.452724	-0.517118	0.726382
-0.692166	-0.717368	-0.079302
-0.083747	-0.826742	0.556314
-0.038212	0.560529	0.827252
-0.995754	0.048021	-0.078534
0.025610	0.830578	0.556314
0.077395	-0.556473	0.827252
0.996671	0.021871	-0.078533
0.829143	-0.055102	0.556314
-0.558872	-0.057576	0.827252
-0.013553	-0.996820	-0.078534
-0.821791	-0.123185	0.556314
0.533695	0.175564	0.827253
-0.199574	0.976730	-0.078534
-0.752169	0.353210	0.556315
0.541475	-0.149860	0.827252
0.375563	0.923463	-0.078533
0.073249	-0.772892	0.630296
-0.070603	-0.634426	-0.769753
0.994812	0.011883	-0.101039
-0.033587	0.775629	0.630296
0.102988	0.629980	-0.769753
-0.994116	0.039059	-0.101039
-0.773086	-0.071181	0.630296
-0.634235	0.072299	-0.769753
0.009222	-0.994839	-0.101039
0.120728	0.809146	-0.575072
0.053068	-0.583743	-0.810203
-0.991266	0.067296	-0.113414
0.032952	-0.817439	-0.575073
-0.161458	0.563474	-0.810202
0.986330	0.119548	-0.113414
0.814597	-0.075650	-0.575073
-0.579899	-0.085373	-0.810203
0.012196	0.993473	-0.113414
-0.816277	0.054621	-0.575073
0.577505	0.100297	-0.810203
0.013424	-0.993457	-0.113414
-0.705696	-0.413865	-0.575073
0.421138	0.407694	-0.810202
0.569768	-0.813942	-0.113414
-0.654987	0.490188	-0.575072
0.539032	-0.230253	-0.810203
-0.529564	-0.840654	-0.113414
0.774583	0.263272	-0.575073
-0.494612	-0.314532	-0.810203
-0.394183	0.912007	-0.113413
0.787568	0.615342	-0.033054
0.612520	-0.787577	-0.067404
-0.067509	0.032839	-0.997178
0.974639	-0.221329	-0.033054
-0.223120	-0.972458	-0.067404
-0.017225	0.073070	-0.997178
0.711812	-0.701591	-0.033054
-0.701964	-0.709016	-0.067404
0.023854	0.071182	-0.997178
-0.814597	0.579085	-0.033054
0.579899	0.811895	-0.067404
-0.012196	-0.074075	-0.997178
0.026448	0.999103	-0.033054
0.997315	-0.028632	-0.067404
-0.068290	-0.031182	-0.997178
-0.958996	-0.281483	-0.033054
-0.278857	0.957965	-0.067404
0.050638	-0.055423	-0.997178
0.045429	-0.998420	-0.033054
-0.996794	-0.043123	-0.067405
0.065872	0.036010	-0.997178
-0.683550	-0.729155	-0.033054
-0.726368	0.683993	-0.067404
0.071757	-0.022065	-0.997178
-0.467749	0.883243	-0.033054
0.882758	0.464969	-0.067404
-0.044165	-0.060707	-0.997178
-0.326960	-0.944459	-0.033055
-0.942096	0.328502	-0.067404
0.074519	0.009102	-0.997178
-0.990077	0.136579	-0.033054
0.138551	0.988059	-0.067404
0.023453	-0.071315	-0.997178
0.446101	-0.894372	-0.033054
-0.893819	-0.443334	-0.067405
0.045630	0.059613	-0.997178
-0.073788	0.054685	0.995773
0.069624	0.996341	-0.049557
-0.994840	0.065673	-0.077324
0.079577	-0.045853	0.995773
0.045208	-0.997747	-0.049558
0.995803	0.048961	-0.077325
-0.049879	-0.077118	0.995773
-0.998752	0.006083	-0.049557
-0.002236	-0.997004	-0.077324
-0.077899	-0.048650	0.995773
-0.901709	0.429493	-0.049557
-0.425268	-0.901758	-0.077324
-0.005108	-0.091700	0.995773
-0.870511	-0.489648	-0.049558
0.492123	-0.867085	-0.077324
0.051611	0.075970	0.995773
0.998359	-0.028674	-0.049557
0.024788	0.996697	-0.077324
-0.135981	0.013997	-0.990612
-0.020827	0.999639	0.016982
0.990492	0.022941	-0.135640
0.135991	-0.013897	-0.990612
0.021558	-0.999624	0.016983
-0.990476	-0.023665	-0.135640
0.027466	0.133911	-0.990612
0.996745	-0.078807	0.016983
-0.075793	-0.987855	-0.135640
-0.026449	-0.134116	-0.990612
-0.997315	0.071236	0.016983
0.068291	0.988402	-0.135640
0.003345	-0.973595	-0.228255
0.777976	-0.140877	0.612296
-0.628284	-0.179625	0.756963
0.163338	0.959803	-0.228255
-0.742385	0.271950	0.612296
0.649757	0.069443	0.756963
0.899694	0.372087	-0.228255
-0.164486	0.773329	0.612296
0.404344	-0.513335	0.756963
-0.944091	-0.237888	-0.228255
0.050772	-0.788996	0.612296
-0.325750	0.566474	0.756963
-0.163192	0.975145	-0.149874
0.762739	0.028345	-0.646085
-0.625778	-0.219750	-0.748407
0.083876	-0.985141	-0.149874
-0.762535	0.033369	-0.646085
0.641486	0.168475	-0.748407
-0.217030	-0.964591	-0.149874
-0.716996	0.261708	-0.646085
0.662431	-0.032761	-0.748407
-0.529063	-0.835243	-0.149873
-0.587058	0.487788	-0.646085
0.612745	-0.253835	-0.748407
0.976618	0.154132	-0.149873
0.021264	-0.762969	-0.646085
-0.213932	0.627791	-0.748406
0.166303	0.603507	-0.779822
-0.884814	-0.257746	-0.388165
-0.435255	0.754550	0.491127
-0.363486	-0.509663	-0.779823
0.919512	-0.061864	-0.388165
0.149590	-0.858147	0.491127
0.403330	0.478751	-0.779822
-0.911548	0.135677	-0.388165
-0.080030	0.867404	0.491127
0.580549	-0.234181	-0.779823
-0.154944	0.908471	-0.388164
0.799347	0.346177	0.491127
-0.123858	-0.613625	-0.779822
0.864710	0.318757	-0.388165
0.486762	-0.722397	0.491127
0.316208	-0.540268	-0.779823
0.432851	0.813615	-0.388164
0.844187	-0.214805	0.491127
0.163191	0.007204	-0.986568
-0.762740	0.635184	-0.121530
0.625778	0.772327	0.109152
-0.163337	-0.002068	-0.986568
0.742386	-0.658858	-0.121529
-0.649757	-0.752265	0.109151
0.157018	-0.045041	-0.986568
-0.521286	0.844685	-0.121529
0.838813	0.533367	0.109151
0.067786	0.148621	-0.986568
-0.912539	-0.390519	-0.121529
-0.403335	0.908519	0.109152
0.818275	0.022995	0.574367
0.551376	0.251092	-0.795573
-0.162513	0.967690	0.192783
-0.316208	0.755060	0.574366
-0.432850	0.423914	-0.795574
-0.844188	-0.500181	0.192783
0.539152	-0.615969	0.574366
0.544864	-0.264927	-0.795574
0.642214	0.741886	0.192783
0.434413	-0.693821	0.574367
0.495838	-0.348148	-0.795573
0.751950	0.630400	0.192783
0.574931	0.582715	0.574367
0.224410	0.562763	-0.795573
-0.786825	0.586294	0.192782
-0.770980	0.636746	-0.012049
-0.636488	-0.771038	-0.019632
-0.021791	-0.007467	0.999735
0.731579	-0.681650	-0.012049
0.681395	0.731653	-0.019632
0.022198	0.006152	0.999735
0.976669	-0.214411	-0.012049
0.214154	0.976603	-0.019631
0.015976	0.016594	0.999735
-0.769575	-0.638442	-0.012049
0.638547	-0.769332	-0.019632
0.003264	-0.022802	0.999735
0.679310	0.733752	-0.012049
-0.733825	0.679056	-0.019632
-0.006223	0.022178	0.999735
-0.999599	-0.025624	-0.012049
0.025857	-0.999473	-0.019631
-0.011540	-0.019936	0.999735
0.298051	-0.954474	-0.012049
0.954289	0.298242	-0.019632
0.022332	-0.005647	0.999735
0.007291	-0.999902	-0.012049
0.999779	0.007527	-0.019631
0.019721	-0.011903	0.999735
-0.228432	0.973486	-0.012049
-0.973315	-0.228635	-0.019632
-0.021866	0.007243	0.999735
-0.260705	-0.965344	-0.012049
0.965289	-0.260445	-0.019632
0.015814	-0.016749	0.999735
0.158101	0.987350	-0.012049
-0.987268	0.157849	-0.019631
-0.017482	0.014999	0.999735
0.899403	0.436954	-0.012049
-0.437115	0.899192	-0.019632
0.002256	0.022924	0.999735
-0.980470	0.196301	-0.012049
-0.196045	-0.980399	-0.019632
-0.015667	-0.016886	0.999735
0.767050	-0.379917	0.517009
-0.641061	-0.486469	0.593624
0.025981	-0.786772	-0.616696
0.613142	0.597293	0.517008
0.245899	-0.766254	0.593624
0.750727	-0.236844	-0.616696
0.855854	0.014719	0.517008
-0.346104	-0.726515	0.593623
0.384351	-0.686994	-0.616696
0.271912	0.811645	0.517008
0.569243	-0.568836	0.593624
0.775903	0.132890	-0.616696
-0.833515	0.194820	0.517009
0.513111	0.619943	0.593623
-0.204866	0.760077	-0.616696
-0.545965	0.659260	0.517009
0.783571	0.183380	0.593623
0.296543	0.729210	-0.616696
-0.183658	-0.836046	0.517009
-0.626747	0.504776	0.593623
-0.757269	-0.215010	-0.616696
0.164270	-0.840070	0.517009
-0.775873	0.213620	0.593623
-0.609129	-0.498647	-0.616696
-0.554073	-0.652461	0.517009
-0.317074	0.739646	0.593623
-0.769719	0.164981	-0.616696
-0.744935	-0.421633	0.517008
-0.042846	0.803602	0.593624
-0.665760	0.420060	-0.616696
-0.817299	0.254411	0.517008
0.556474	0.581334	0.593623
-0.149530	0.772869	-0.616696
-0.358229	0.777416	0.517008
0.804382	-0.024125	0.593624
0.473964	0.628525	-0.616696
0.509421	-0.687890	0.517008
-0.792361	-0.140628	0.593624
-0.335642	-0.712061	-0.616696
-0.731898	0.397635	-0.553364
0.641750	0.129212	-0.755951
-0.229091	-0.908400	-0.349752
0.811987	0.185648	-0.553364
-0.395994	-0.521274	-0.755951
-0.428796	0.832952	-0.349752
0.556273	0.619959	-0.553364
-0.022869	-0.654229	-0.755951
-0.830685	0.433170	-0.349752
0.167121	0.816002	-0.553363
0.310597	-0.576253	-0.755951
-0.935735	-0.045538	-0.349752
-0.764818	-0.329913	-0.553363
0.294827	0.584478	-0.755952
0.572827	-0.741311	-0.349752
-0.832802	0.015111	-0.553363
0.509752	0.410721	-0.755952
0.215855	-0.911636	-0.349752
0.657826	-0.510934	-0.553364
-0.654204	-0.023558	-0.755952
0.373204	0.859298	-0.349752
-0.027548	-0.832484	-0.553364
-0.403061	0.515829	-0.755951
0.914759	0.202215	-0.349752
0.806599	-0.207817	-0.553364
-0.591099	-0.281320	-0.755951
0.001426	0.936842	-0.349752
0.384648	-0.738805	-0.553364
-0.604368	0.251550	-0.755951
0.697699	0.625211	-0.349752
-0.317527	-0.770042	-0.553363
-0.196742	0.624364	-0.755951
0.927615	-0.131165	-0.349752
-0.556187	0.620036	-0.553364
0.647922	-0.093463	-0.755951
-0.520436	-0.778986	-0.349752
-0.314158	-0.661442	0.681027
-0.914892	0.019361	-0.403234
0.253531	-0.749745	-0.611231
0.466392	-0.564517	0.681027
-0.404646	-0.820769	-0.403234
0.786599	-0.087510	-0.611231
0.569843	0.459871	0.681027
0.816063	-0.414058	-0.403235
0.096549	0.785542	-0.611230
0.350276	0.643046	0.681028
0.912419	-0.069955	-0.403234
-0.211657	0.762626	-0.611231
-0.568918	0.461015	0.681028
0.234154	0.884632	-0.403234
-0.788356	-0.069942	-0.611230
-0.154446	0.715785	0.681027
0.736844	0.542644	-0.403235
-0.658185	0.439533	-0.611231
0.727352	-0.084613	0.681027
0.276059	-0.872464	-0.403235
0.628291	0.481298	-0.611230
0.690994	-0.242338	0.681027
0.077643	-0.911797	-0.403234
0.718678	0.331510	-0.611231
0.004069	-0.732247	0.681027
-0.832624	-0.379656	-0.403234
0.553824	-0.565400	-0.611231
-0.677428	-0.278016	0.681027
-0.663862	0.629833	-0.403234
-0.316828	-0.725271	-0.611231
0.361964	-0.636540	0.681027
-0.540231	-0.738615	-0.403234
0.759693	-0.221956	-0.611231
0.024640	0.731843	0.681027
0.846867	0.346723	-0.403234
-0.531233	0.586676	-0.611230
-0.726174	0.094195	0.681027
-0.264532	0.876028	-0.403234
-0.634582	-0.472972	-0.611231
0.740394	0.246703	-0.625264
0.662217	-0.427221	0.615589
-0.115258	-0.869839	-0.479683
0.049945	-0.778814	-0.625263
-0.581828	-0.531532	0.615589
-0.811777	0.333050	-0.479683
0.491487	0.606207	-0.625264
0.788057	-0.003983	0.615590
0.370684	-0.795298	-0.479683
-0.627052	-0.464598	-0.625264
-0.762202	0.200248	0.615589
-0.160795	0.862583	-0.479683
-0.230187	0.745695	-0.625264
0.441834	0.652559	0.615589
0.867063	-0.134563	-0.479683
-0.564244	0.539143	-0.625264
0.068037	0.785125	0.615589
0.822801	0.304802	-0.479683
0.780399	-0.004709	-0.625263
0.489489	-0.617617	0.615589
-0.389072	-0.786465	-0.479683
-0.771755	0.115932	-0.625263
-0.396427	0.681099	0.615590
0.497233	0.722955	-0.479683
-0.742381	-0.240659	-0.625264
-0.658713	0.432605	0.615589
0.122345	0.868871	-0.479683
0.647687	-0.435370	-0.625264
0.066429	-0.785263	0.615589
-0.759005	-0.440246	-0.479683
0.967651	-0.182462	-0.174239
-0.201984	-0.974098	-0.101665
-0.151176	0.133570	-0.979441
-0.984575	0.015858	-0.174239
0.034005	0.994238	-0.101665
0.171623	-0.106022	-0.979441
0.055236	-0.983153	-0.174240
-0.994099	-0.037832	-0.101665
0.093360	0.178826	-0.979441
-0.802049	0.571276	-0.174239
0.591703	0.799720	-0.101665
0.081263	-0.184638	-0.979441
0.909885	0.376498	-0.174240
0.363681	-0.925959	-0.101664
-0.199615	0.029136	-0.979441
0.629258	-0.757413	-0.174240
-0.776565	-0.621782	-0.101665
-0.031336	0.199281	-0.979441
0.506493	0.844456	-0.174239
0.843739	-0.527039	-0.101665
-0.177683	-0.095520	-0.979441
-0.675764	0.716230	-0.174240
0.735814	0.669509	-0.101664
0.043839	-0.196909	-0.979441
-0.075813	0.981780	-0.174240
0.993088	0.058642	-0.101665
-0.089595	-0.180742	-0.979441
-0.407863	-0.896264	-0.174239
-0.897871	0.428359	-0.101665
0.165756	0.114979	-0.979441
-0.876336	-0.449084	-0.174239
-0.437614	0.893398	-0.101665
0.201321	-0.012843	-0.979441
0.024946	-0.636166	-0.771149
-0.094954	-0.769410	0.631659
-0.995169	0.057466	-0.079600
-0.065926	0.633232	-0.771149
0.045130	0.773932	0.631659
0.996804	0.006842	-0.079599
-0.633662	-0.061655	-0.771149
-0.773610	0.050348	0.631659
-0.000119	0.996827	-0.079599
-0.090272	0.528112	0.844363
0.039997	0.849063	-0.526776
-0.995113	-0.013781	-0.097769
0.074930	-0.530506	0.844363
-0.064586	-0.847547	-0.526775
0.995095	-0.015063	-0.097769
0.080028	0.529761	0.844363
0.304442	0.793614	-0.526776
-0.949163	0.299217	-0.097769
0.501185	0.189379	0.844363
0.841096	0.122742	-0.526775
-0.203399	0.974201	-0.097769
-0.227292	-0.700246	-0.676753
-0.061212	0.703841	-0.707715
0.971901	-0.119433	-0.202841
0.053090	0.734294	-0.676753
0.227890	-0.668735	-0.707715
-0.972239	-0.116653	-0.202841
0.252375	0.691601	-0.676754
0.035813	-0.705590	-0.707715
-0.966966	0.154374	-0.202841
0.717765	0.163763	-0.676754
-0.572974	-0.413329	-0.707715
-0.395619	0.895735	-0.202840
-0.301346	0.953515	0.000138
0.953515	0.301346	0.000041
-0.000002	0.000144	-1.000000
0.633662	0.773610	0.000137
0.773610	-0.633662	0.000041
0.000120	0.000080	-1.000000
0.938032	-0.346549	0.000138
-0.346549	-0.938032	0.000042
0.000115	-0.000087	-1.000000
