0.106372	0.009776	0.001249
0.009776	0.112818	-0.007179
0.001249	-0.007179	0.095363
0.104058	0.005274	-0.003262
0.005274	0.104058	0.003262
-0.003262	0.003262	0.093611
0.120503	-0.004168	0.001688
-0.004168	0.100176	0.004631
0.001688	0.004631	0.093993
0.105100	-0.014395	0.003026
-0.014395	0.117941	0.001613
0.003026	0.001613	0.093695
0.116911	0.011338	-0.004690
0.011338	0.096155	-0.000455
-0.004690	-0.000455	0.113655
0.096155	0.000455	-0.011338
0.000455	0.113655	-0.004690
-0.011338	-0.004690	0.116911
0.113655	-0.000455	-0.004690
-0.000455	0.096155	0.011338
-0.004690	0.011338	0.116911
0.108760	0.008725	-0.009389
0.008725	0.098901	0.001183
-0.009389	0.001183	0.106336
0.114463	-0.009673	-0.003101
-0.009673	0.097989	0.009673
-0.003101	0.009673	0.114463
0.098272	0.003551	0.013714
0.003551	0.109461	0.000235
0.013714	0.000235	0.119561
0.116911	-0.011338	0.004690
-0.011338	0.096155	-0.000455
0.004690	-0.000455	0.113655
0.107652	0.006917	-0.000114
0.006917	0.094044	0.001730
-0.000114	0.001730	0.111394
0.100645	0.008250	-0.004554
0.008250	0.099037	-0.000373
-0.004554	-0.000373	0.128196
0.098286	-0.013715	0.003988
-0.013715	0.119561	-0.000264
0.003988	-0.000264	0.122915
0.107198	0.000000	0.015223
0.000000	0.090909	-0.000000
0.015223	-0.000000	0.119809
0.099026	0.008117	0.000000
0.008117	0.099026	-0.000000
0.000000	-0.000000	0.115385
0.095455	-0.004545	0.000000
-0.004545	0.095455	-0.000000
0.000000	-0.000000	0.090909
0.095455	-0.004545	0.000000
-0.004545	0.095455	-0.000000
0.000000	-0.000000	0.090909
0.097473	0.008320	0.001756
0.008320	0.102511	0.003282
0.001756	0.003282	0.092436
0.099365	0.003554	-0.010819
0.003554	0.097011	-0.003794
-0.010819	-0.003794	0.106785
0.127246	0.012129	-0.018084
0.012129	0.113679	0.010986
-0.018084	0.010986	0.116954
0.092445	0.002055	0.003433
0.002055	0.107177	0.013203
0.003433	0.013203	0.104968
0.107383	0.003356	0.003356
0.003356	0.092434	0.001525
0.003356	0.001525	0.092434
0.092434	0.003356	0.001525
0.003356	0.107383	0.003356
0.001525	0.003356	0.092434
0.093595	0.000149	-0.001435
0.000149	0.105602	0.003247
-0.001435	0.003247	0.092430
0.101062	0.012368	-0.000250
0.012368	0.123878	0.014738
-0.000250	0.014738	0.105231
0.106907	0.005450	0.012809
0.005450	0.102212	-0.001105
0.012809	-0.001105	0.105013
0.127246	-0.018084	0.012129
-0.018084	0.116955	0.010986
0.012129	0.010986	0.113679
0.092434	0.001525	0.003356
0.001525	0.092434	0.003356
0.003356	0.003356	0.107383
0.092434	-0.001525	0.003356
-0.001525	0.092434	-0.003356
0.003356	-0.003356	0.107383
0.106222	-0.008888	0.005096
-0.008888	0.097872	-0.008616
0.005096	-0.008616	0.123688
0.098588	0.004623	-0.000084
0.004623	0.093993	-0.001709
-0.000084	-0.001709	0.109122
0.092434	-0.001525	-0.003356
-0.001525	0.092434	0.003356
-0.003356	0.003356	0.107383
0.099037	0.008250	0.000373
0.008250	0.100645	0.004554
0.000373	0.004554	0.128196
0.094093	-0.001684	0.007688
-0.001684	0.092450	-0.003771
0.007688	-0.003771	0.118699
0.101944	-0.015657	-0.001854
-0.015657	0.115872	0.000285
-0.001854	0.000285	0.109125
0.114424	-0.002459	-0.009401
-0.002459	0.103756	0.005131
-0.009401	0.005131	0.096062
0.107810	-0.004191	0.005464
-0.004191	0.110084	-0.009131
0.005464	-0.009131	0.096056
0.092437	-0.003370	-0.001658
-0.003370	0.106104	0.006872
-0.001658	0.006872	0.094040
0.108760	0.007584	0.009185
0.007584	0.099120	0.005326
0.009185	0.005326	0.096053
0.114756	-0.000000	0.011129
-0.000000	0.103448	-0.000000
0.011129	-0.000000	0.096134
0.114756	-0.000000	-0.011129
-0.000000	0.103448	-0.000000
-0.011129	-0.000000	0.096134
0.095474	0.004955	0.000161
0.004955	0.104046	0.003389
0.000161	0.003389	0.092246
0.098669	0.000000	0.003214
0.000000	0.090909	0.000000
0.003214	0.000000	0.092240
0.100161	-0.003719	-0.004637
-0.003719	0.107544	-0.001506
-0.004637	-0.001506	0.093991
0.100703	-0.006848	0.001760
-0.006848	0.098730	-0.003143
0.001760	-0.003143	0.092431
0.107544	0.003719	0.001506
0.003719	0.100161	-0.004637
0.001506	-0.004637	0.093991
0.096970	-0.003030	0.003030
-0.003030	0.092424	-0.001515
0.003030	-0.001515	0.092424
0.104046	-0.004955	-0.003389
-0.004955	0.095474	0.000161
-0.003389	0.000161	0.092246
0.092240	0.000000	0.003214
0.000000	0.090909	-0.000000
0.003214	-0.000000	0.098669
0.092424	0.001515	0.003030
0.001515	0.092424	0.003030
0.003030	0.003030	0.096970
0.097378	0.000000	-0.009613
0.000000	0.090909	-0.000000
-0.009613	-0.000000	0.116603
0.092252	0.000000	0.003566
0.000000	0.090909	-0.000000
0.003566	-0.000000	0.109470
0.092434	-0.001525	0.003356
-0.001525	0.092434	-0.003356
0.003356	-0.003356	0.107383
0.092240	0.000000	0.003214
0.000000	0.090909	-0.000000
0.003214	-0.000000	0.098669
0.092240	0.000000	-0.003214
0.000000	0.090909	-0.000000
-0.003214	-0.000000	0.098669
0.097294	-0.006385	0.003344
-0.006385	0.097294	-0.003344
0.003344	-0.003344	0.096990
0.090909	0.000000	-0.000000
0.000000	0.090909	-0.000000
-0.000000	-0.000000	0.100000
0.107198	0.000000	-0.015223
0.000000	0.090909	-0.000000
-0.015223	-0.000000	0.119809
0.092437	0.001658	0.003370
0.001658	0.094040	0.006872
0.003370	0.006872	0.106104
0.101506	-0.005746	0.013630
-0.005746	0.100652	-0.004496
0.013630	-0.004496	0.113330
0.099097	-0.004996	0.007480
-0.004996	0.094242	-0.005504
0.007480	-0.005504	0.109935
0.099046	0.004959	-0.006739
0.004959	0.094215	-0.004959
-0.006739	-0.004959	0.099046
0.106339	0.005433	0.010091
0.005433	0.113748	0.016441
0.010091	0.016441	0.108456
0.113748	-0.005433	-0.016441
-0.005433	0.106339	0.010091
-0.016441	0.010091	0.108456
0.094329	-0.006382	-0.005973
-0.006382	0.117113	0.019036
-0.005973	0.019036	0.108393
0.114132	-0.007240	0.006136
-0.007240	0.094058	0.001256
0.006136	0.001256	0.105846
0.112052	0.022945	-0.011250
0.022945	0.121289	-0.012020
-0.011250	-0.012020	0.101939
0.095199	0.000415	0.004282
0.000415	0.096253	0.012356
0.004282	0.012356	0.127409
0.095455	-0.004545	-0.000000
-0.004545	0.095455	-0.000000
-0.000000	-0.000000	0.100000
0.132289	0.000000	0.013517
0.000000	0.090909	-0.000000
0.013517	-0.000000	0.121091
0.090909	0.000000	0.000000
0.000000	0.090909	-0.000000
0.000000	-0.000000	0.100000
0.090909	-0.000000	0.000000
-0.000000	0.090909	-0.000000
0.000000	-0.000000	0.100000
0.090909	-0.000000	-0.000000
-0.000000	0.090909	-0.000000
-0.000000	-0.000000	0.100000
0.142857	0.000000	-0.000000
0.000000	0.090909	-0.000000
-0.000000	-0.000000	0.142857
0.090909	-0.000000	-0.000000
-0.000000	0.090909	-0.000000
-0.000000	-0.000000	0.090909
0.090909	-0.000000	0.000000
-0.000000	0.090909	-0.000000
0.000000	-0.000000	0.090909
0.092424	-0.001515	0.003030
-0.001515	0.092424	-0.003030
0.003030	-0.003030	0.096970
0.090909	-0.000000	0.000000
-0.000000	0.090909	-0.000000
0.000000	-0.000000	0.090909
0.090909	-0.000000	0.000000
-0.000000	0.090909	-0.000000
0.000000	-0.000000	0.090909
0.090909	-0.000000	0.000000
-0.000000	0.090909	-0.000000
0.000000	-0.000000	0.090909
0.098669	-0.000000	-0.003214
-0.000000	0.090909	-0.000000
-0.003214	-0.000000	0.092240
0.107198	0.000000	-0.015223
0.000000	0.090909	-0.000000
-0.015223	-0.000000	0.119809
0.107652	0.000103	0.006918
0.000103	0.100229	-0.001557
0.006918	-0.001557	0.094042
0.111941	0.001690	0.007169
0.001690	0.096824	-0.001401
0.007169	-0.001401	0.094055
0.092240	0.000000	0.003214
0.000000	0.090909	-0.000000
0.003214	-0.000000	0.098669
0.090909	0.000000	0.000000
0.000000	0.090909	-0.000000
0.000000	-0.000000	0.100000
0.096980	-0.003035	-0.003339
-0.003035	0.092427	0.001669
-0.003339	0.001669	0.101836
0.098265	0.000149	-0.003021
0.000149	0.100229	0.001537
-0.003021	0.001537	0.092424
0.096970	-0.003030	0.003030
-0.003030	0.092424	-0.001515
0.003030	-0.001515	0.092424
0.100000	0.000000	0.000000
0.000000	0.098669	0.003214
0.000000	0.003214	0.092240
0.098669	-0.000000	-0.003214
-0.000000	0.090909	0.000000
-0.003214	0.000000	0.092240
0.095455	0.004545	-0.000000
0.004545	0.095455	-0.000000
-0.000000	-0.000000	0.090909
0.098669	-0.003214	-0.000000
-0.003214	0.092240	-0.000000
-0.000000	-0.000000	0.100000
