0.021598 0.283652 -0.958684 0.113225 0.952045 0.284238 0.993335 -0.114686 -0.011554 0.091112 -0.007767 -0.067783 
-0.130909 0.247273 -0.960062 0.102900 0.966554 0.234914 0.986040 -0.068038 -0.151975 0.078072 0.008064 -0.053148 
-0.203587 0.292199 -0.934437 0.211976 0.944942 0.249300 0.955834 -0.147324 -0.254317 0.081091 0.028143 -0.038306 
-0.305005 0.304595 -0.902327 0.217287 0.944740 0.245465 0.927232 -0.121195 -0.354335 0.080675 0.008123 -0.026567 
-0.454304 0.276545 -0.846835 0.171657 0.959957 0.221397 0.874152 -0.044784 -0.483583 0.066586 0.019114 -0.011257 
-0.506664 0.309774 -0.804569 0.153471 0.950721 0.269400 0.848374 0.013018 -0.529237 0.061333 0.005627 -0.005428 
-0.503653 0.477683 -0.719829 0.319349 0.877151 0.358639 0.802714 -0.049247 -0.594327 0.082456 0.018669 0.005534 
-0.571966 0.435292 -0.695252 0.294759 0.900037 0.321016 0.765488 -0.021321 -0.643097 0.075243 -0.015587 0.012825 
-0.630912 0.466183 -0.620180 0.301005 0.883816 0.358142 0.715085 0.039279 -0.697933 0.072154 0.015142 0.022791 
-0.744312 0.363410 -0.560297 0.225635 0.926487 0.301183 0.628561 0.097751 -0.771593 0.079834 -0.018207 0.038531 
-0.729259 0.466420 -0.500632 0.366422 0.884120 0.289943 0.577854 0.028001 -0.815659 0.067582 -0.012972 0.045142 
-0.720968 0.517107 -0.461309 0.371492 0.850374 0.372636 0.584978 0.097286 -0.805193 0.042929 0.018200 0.045323 
-0.720968 0.517107 -0.461309 0.371492 0.850374 0.372636 0.584978 0.097286 -0.805193 0.042929 0.018200 0.045323 
-0.742979 0.471832 -0.474718 0.375040 0.880937 0.288608 0.554371 0.036392 -0.831474 0.061002 -0.023504 0.048793 
-0.678933 0.455998 -0.575427 0.293846 0.887002 0.356205 0.672834 0.072753 -0.736208 0.056311 0.015894 0.030840 
-0.678933 0.455998 -0.575427 0.293846 0.887002 0.356205 0.672834 0.072753 -0.736208 0.056311 0.015894 0.030840 
-0.717341 0.404676 -0.567150 0.273800 0.912272 0.304622 0.640668 0.063232 -0.765210 0.083443 -0.017291 0.036044 
