0.350877 0.360505 -0.864246 0.020894 0.919681 0.392111 0.936188 -0.155640 0.315163 0.053460 0.011719 -0.095463 
0.287238 0.397726 -0.871383 0.164775 0.875641 0.453985 0.943580 -0.273984 0.185982 0.031620 0.021757 -0.074158 
0.185732 0.368581 -0.910852 0.265915 0.873537 0.407704 0.945935 -0.317933 0.064232 0.043513 0.027806 -0.063039 
0.048845 0.285034 -0.957272 0.269736 0.919041 0.287414 0.961695 -0.272249 -0.031994 0.058856 -0.006054 -0.057740 
-0.123599 0.313274 -0.941585 0.165809 0.942041 0.291660 0.978382 -0.120074 -0.168379 0.043121 0.019900 -0.049528 
-0.263498 0.316116 -0.911394 0.102955 0.948602 0.299256 0.959150 -0.014979 -0.282500 0.050883 0.033164 -0.039130 
-0.390688 0.245507 -0.887180 0.045268 0.967736 0.247865 0.919409 0.056678 -0.389197 0.012437 0.033710 -0.024083 
-0.537928 0.355065 -0.764567 0.119849 0.929969 0.347555 0.834428 0.095327 -0.542810 0.029675 0.063594 -0.000823 
-0.634863 0.253448 -0.729872 -0.033109 0.934874 0.353433 0.771915 0.248547 -0.585125 0.015316 0.102349 0.012322 
-0.725658 0.195322 -0.659749 -0.151924 0.889710 0.430505 0.671073 0.412631 -0.615952 0.006033 0.140363 0.027547 
-0.779326 0.243753 -0.577266 -0.169436 0.804950 0.568637 0.603277 0.540963 -0.586018 0.020112 0.155130 0.033085 
-0.837337 0.157439 -0.523527 -0.266863 0.718075 0.642769 0.477129 0.677924 -0.559256 0.009960 0.127619 0.043693 
-0.903105 -0.019225 -0.428990 -0.336028 0.653646 0.678109 0.267371 0.756557 -0.596771 0.014581 0.111042 0.065820 
-0.894065 -0.164383 -0.416685 -0.424709 0.606753 0.671917 0.142373 0.777708 -0.612291 -0.014875 0.136879 0.077640 
-0.889408 -0.126146 -0.439364 -0.420185 0.604087 0.677143 0.179995 0.786871 -0.590285 0.005411 0.126829 0.072718 
-0.850698 -0.187844 -0.490946 -0.499141 0.581545 0.642389 0.164838 0.791530 -0.588480 0.007672 0.173160 0.073830 
-0.824540 -0.150721 -0.545359 -0.543382 0.479591 0.689005 0.157702 0.864451 -0.477341 0.002029 0.216834 0.064943 
