%=== Method ===

Motion.method: TOUCH

%=== Input ===

%=== Output ===

ResultsFolder: /home/RVLuser/rvl-linux

%=== Camera ===

%Camera.minz: 0.25
%Camera.maxz: 1.5
%Camera.fu: 640
%Camera.fv: 640
%Camera.uc: 320
%Camera.vc: 240
%Camera.imageWidth: 640
%Camera.imageHeight: 480

Camera.minz: 0.25
Camera.maxz: 1.5
%=== RealSense LiDAR Camera L515 ===
Camera.fu: 597.9033203125
Camera.fv: 598.47998046875
Camera.uc: 323.8436584472656
Camera.vc: 236.32774353027344
Camera.imageWidth: 640
Camera.imageHeight: 480

%=== Touch ===

Touch.stdgxyk: 0.05
Touch.stdgzk: 0.02
Touch.stdhxyk: 0.02
Touch.stdhzk: 0.008
Touch.stdphi: 3.0
Touch.stds: 0.01
%Touch.stdgxyk: 0.0005
%Touch.stdgzk: 0.0002
%Touch.stdhxyk: 0.0002
%Touch.stdhzk: 0.0008
%Touch.stdphi: 0.0001
%Touch.stds: 0.0001
Touch.alpha: 0.000001
Touch.nSamples: 1
Touch.Visualize_optimization: no
Touch.Simulation_seed: 110
Touch.Simulation_num_touches: 12

% Cabinet params
Touch.dd.static_side_width: 0.018
Touch.dd.moving_to_static_part_distance: 0.005
Touch.dd.static_depth: 0.4

Touch.dd.sx: 0.018
Touch.dd.sy: 0.39251819252967834
Touch.dd.sz: 0.533647894859314
Touch.dd.rx: 0.0011762514477595687
Touch.dd.ry: -0.19625909626483917
Touch.dd.openingDirection: -1.0
Touch.dd.t_A_6.x: -0.34921524300802265
Touch.dd.t_A_6.y: 0.13279882465357656
Touch.dd.t_A_6.z: 0.9754082415995324
Touch.dd.R_A_6.r0: -0.6351877270876016
Touch.dd.R_A_6.r1: -0.44483960047328847
Touch.dd.R_A_6.r2: -0.6147341403109929
Touch.dd.R_A_6.r3: 0.06530606946277928
Touch.dd.R_A_6.r4: 0.7666633310207712
Touch.dd.R_A_6.r5: -0.6222589739287605
Touch.dd.R_A_6.r6: 0.7559863603103741
Touch.dd.R_A_6.r7: -0.43998730440924083
Touch.dd.R_A_6.r8: -0.4627520898134118
end