idx,sx,sy,sz,rx,ry,state_angle,t_A_0,z_rot,R_E_0_contact,t_E_0_contact
1,0.018,0.32655022183271437,0.5462693837962777,-0.009,-0.16327511091635719,-8.42985438515884,-0.20772168564701943,0.4463333895022166,0.28313469189813883,148.20193476704267,0.7567352830691267,-0.1696509329713261,-0.6313242212209564,-0.18017412131825267,0.8742084067387034,-0.450884627809125,0.6284019393393723,0.4549485932820721,0.6309776383558926,0.21110945184600738,0.7652915669191322,0.2782049564193665
8,0.018,0.4995626550135647,0.6336308001673252,-0.009,-0.24978132750678236,-5.357914585174201,-0.33237381018768314,0.7929480968870889,0.3268154000836626,100.11073214877375,0.42638219552564793,0.47953396318474784,-0.7669715780203704,-0.6653608088460022,0.7406809614221416,0.0932025076838909,0.6127750136799982,0.4705729396587748,0.6348762801289533,0.3640553798729065,0.7458508300726623,0.4227285145804031
10,0.018,0.4990859237085095,0.3938927923661867,-0.009,-0.24954296185425476,-5.363295480549979,-0.7459692596786782,0.38553912759897496,0.20694639618309335,88.29769860157384,-0.4484393306392377,-0.2532984388203814,-0.8571709675595589,-0.656826512668674,0.7438046864160829,0.12382859411695205,0.6062021931594614,0.6185422292427819,-0.49992440593756693,-0.03245258672852504,0.22974817770326833,0.5307693583874993
13,0.018,0.24257775067908774,0.5110383454027702,-0.009,-0.12128887533954387,-11.692651264353808,-0.6387446909543796,0.700948858122026,0.2655191727013851,60.62229698647129,-0.7145019371362016,0.26391429905181185,-0.6479477020443905,-0.3139932425831119,0.7066551817078344,0.6340715241813107,0.6252161429783771,0.6564965322996447,-0.4220391896942547,-0.3275432969538503,0.3283419484774146,0.5655697398274342
16,0.018,0.523925021016374,0.32294283554701464,-0.009,-0.261962510508187,-5.096626453175426,0.7917302922982452,0.5629215564885225,0.17147141777350733,1.9333217722424005,-0.6867780293153068,0.7257977046838863,-0.039416117583876364,0.33859546500838056,0.36743452536203935,0.8662245555557355,0.6431866366192183,0.5815578745469578,-0.49809777055000226,0.7124804329504879,-0.19132653923174153,0.3433822186116253
20,0.018,0.4569901311583365,0.4366231284326203,-0.009,-0.22849506557916824,-5.885274930196132,0.4010872205959988,0.03461035310194465,0.22831156421631016,26.272288852365687,-0.5283057025679379,0.8449780094816286,-0.083097822634911,-0.5709674039522954,-0.28113020642843456,0.7713378187652171,0.6284021867070282,0.4549483163239219,0.6309775916907463,0.5189380911216466,-0.6091095027876847,0.26817406784291536
22,0.018,0.38703960288771855,0.448194995501877,-0.009,-0.19351980144385927,-7.021365152964005,0.1225014393329259,0.5214962999667269,0.23409749775093852,68.6589643033075,-0.768159324742038,-0.11180123335942324,-0.6304218714727217,-0.38875331755004505,0.863799870598158,0.32050061099542293,0.5087259673986486,0.49127412691278316,-0.7069990256856034,0.5995200880784872,0.1990455576079078,0.28547696660566624
23,0.018,0.33023387101575113,0.2221828404707481,-0.009,-0.16511693550787557,-8.328060443898266,-0.6404932393496479,0.06100210336559719,0.12109142023537404,156.12080234894754,0.42306223815696475,-0.8553973376522184,-0.29885404026567286,-0.6387387360627574,-0.047605248275917514,-0.7679495864895947,0.6426750109492128,0.5157801227985477,-0.5665153971670532,-0.331077817924185,0.5190697714687705,0.22498033764360825
24,0.018,0.3758578423539238,0.6557404221627159,-0.009,-0.1879289211769619,-7.245041032087797,0.6748099660194702,0.07765701449144409,0.33787021108135795,7.413357356948679,-0.7033700343834473,0.7057527283045031,0.08475659987386941,-0.35716587108721903,-0.4539911428735297,0.8162870712702087,0.6145755732714545,0.5438797005617485,0.5713945537497938,0.5905657693579164,-0.5088823786931291,0.4589963826675191
33,0.018,0.20987048417170612,0.4224884727718972,-0.009,-0.10493524208585306,-13.776365512657184,0.40817234662159074,0.4520673282944048,0.22124423638594862,-36.25971857835704,-0.1269178937540083,0.8236499220190651,0.552713899049983,0.8149499461211568,-0.2310698449889509,0.5314727763996066,0.5654630258135099,0.517887567619431,-0.6419065615360694,0.060594608681976386,0.22257404142984044,0.5220674448517182
35,0.018,0.4105020669399432,0.6558810197735729,-0.009,-0.2052510334699716,-6.594286830380365,0.6661431288442787,0.4567166450321103,0.3379405098867865,7.743626891434328,-0.6751196454264288,0.6848209237477227,0.2742877444520788,-0.061130042002164375,-0.4224648365143696,0.9043155311470111,0.7351711245173513,0.5937539594025482,0.32707744246537457,0.5385410377837275,-0.17583497026480638,0.21173824388089466
37,0.018,0.22078301804101344,0.5014607582190419,-0.009,-0.11039150902050672,-13.002527612848892,-0.16787670128578613,0.7227086596221,0.26073037910952096,24.431664423715553,-0.592172345851543,0.7903284719283483,-0.15720311468950998,-0.6387348339511902,-0.34143551877168676,0.6895212820634729,0.4912735741987623,0.5087265404719039,0.7069989973921191,-0.14329540536116125,0.3127703755958394,0.20294808844432297
38,0.018,0.5580358112215684,0.7318102018266448,-0.009,-0.2790179056107842,-4.770916088631969,-0.5369179717107354,0.6645413312323467,0.3759051009133224,76.03046586005317,-0.6866179779599413,0.016999086230328003,-0.7268196360924322,-0.4946081077873148,0.7217888372429005,0.4841318974645172,0.5328400998923164,0.691904549413339,-0.4871853060672816,0.15061769668871816,0.3016411539996715,0.5192945347717745
44,0.018,0.2875800174928374,0.5807700965148209,-0.009,-0.1437900087464187,-9.682661495886089,-0.4949064295756799,0.19058890821969243,0.30038504825741047,144.7089718723931,0.4221211303659326,-0.7639840716277942,-0.4879980426165714,-0.552308815317624,0.21013174342760424,-0.806721527496644,0.718866276730958,0.6100598238722931,-0.33325408846085736,-0.11119621678984445,0.5779128409313661,0.5576850022326634
50,0.018,0.4125799537438536,0.34942546423698506,-0.009,-0.2062899768719268,-6.558960282833106,-0.0308056833069994,0.3328857275153485,0.18471273211849254,83.44169321324102,-0.6726936415773593,-0.3012138457790984,-0.6758353968921408,-0.5683013385233893,0.7952468739496387,0.21122499403681297,0.47383209390449277,0.5261678711060692,-0.7061377473282331,0.531155378104902,0.12343152806809143,0.32252442969850337
57,0.018,0.35093798153329026,0.5955976215008438,-0.009,-0.17546899076664513,-7.798890623225973,-0.640759236566808,0.1851324472423504,0.3077988107504219,102.46123819013442,-0.17950384465278166,-0.5252630424038646,-0.8317915039476577,-0.7110588099229666,0.6535827369590896,-0.25927779461419376,0.6798336109562432,0.5449113159347139,-0.4908135279110528,-0.05490566512111234,0.22519787157332843,0.5179729175572648
61,0.018,0.32619836135844954,0.7367162537129162,-0.009,-0.16309918067922477,-8.439708528435737,-0.5108871179266177,0.0935847616464237,0.3783581268564581,-159.91501194700547,0.593281723953303,-0.7951336237789155,0.12561574885024104,0.6238704335420615,0.35554557740230025,-0.6959691261411709,0.5087263293510931,0.49127371467021835,0.7069990516960316,-0.5484454734675893,0.6069634837789156,0.2406757986981175
63,0.018,0.2751272140097599,0.4795788868188542,-0.009,-0.13756360700487996,-10.165856016284717,-0.4332683949526803,0.4638538975031666,0.2497894434094271,92.93425992666717,-0.5411078320822633,-0.26360018471055013,-0.7985720109544268,-0.6414031521420939,0.7435125068421577,0.18918548726442078,0.5438789483712521,0.6145763539136974,-0.571394430081994,0.037606448759252675,0.31744864734569606,0.5537847418316527
72,0.018,0.34064661195608487,0.6224679388921608,-0.009,-0.17032330597804243,-8.053215619592546,0.3830609383023915,0.27596249542271495,0.3212339694460804,7.310771136627926,-0.7029227104565886,0.7106669073103703,0.02919263568566577,0.3191556132925685,0.2784666990564081,0.9058675355814845,0.6356409030484169,0.6460718569714528,-0.4225538995220035,0.30871010881735,-0.30309302600102783,0.6781597355037077
85,0.018,0.39945937716442126,0.6065194715685571,-0.009,-0.19972968858221063,-6.788614255376335,-0.6880960143196551,0.1910328522894319,0.31325973578427857,160.84780559072266,0.7139033643695838,-0.5023172945006066,-0.487872239410463,-0.14274091909025163,0.5776965400079608,-0.80367390008641,0.6855414038255162,0.6433848329797817,0.34071827120440595,-0.329712572613866,0.7312369972515798,0.25335668410278306
86,0.018,0.2906300189849823,0.3389114210616542,-0.009,-0.14531500949249115,-9.571270432649595,0.59252995665548,0.08978928943331983,0.1794557105308271,-6.239412520628771,-0.5725015848772276,0.7935097808719296,0.20635930551745343,0.5731377579230592,0.2073338060440506,0.7927961927975041,0.5863062729973066,0.5721493865520356,-0.5734893492578027,0.39919714673540413,-0.38323725581667534,0.21860899270568696
94,0.018,0.2429291648804177,0.6814260373311748,-0.009,-0.12146458244020884,-11.673705030701798,-0.35836191129651934,0.12833922151398572,0.3507130186655874,145.88726752988146,0.12831012561177813,-0.635125564576472,-0.761677115900765,-0.8364316382228054,0.34334138843611517,-0.42719878928512256,0.5328401507444832,0.6919047681640722,-0.4871849397779223,0.05162705180424948,0.35593975487083773,0.7279103335313576
95,0.018,0.564290142386161,0.4332031548894019,-0.009,-0.2821450711930805,-4.7156650442371175,-0.6165096542719293,0.061565488608640355,0.22660157744470097,154.25268170799535,0.41140916208704026,-0.6566312711289122,-0.6321217249284101,-0.6696463311296548,0.2527266667904293,-0.6983573749145866,0.618317307339389,0.7106086163765737,-0.3357366553951765,-0.11444885911759264,0.6907355265869083,0.1419963413854004
96,0.018,0.3344220647649945,0.6434455025469024,-0.009,-0.16721103238249724,-8.21528030745556,0.4597512278934974,0.364674066392717,0.3317227512734512,45.48752882634275,-0.26949507721793176,0.8200113876809461,-0.5049294281668188,-0.811889230058433,0.08850643264445657,0.5770636788914005,0.5178882905322597,0.5654625853707049,0.6419063662836286,0.7480975592489842,-0.09241160137328794,0.46117413993557166
100,0.018,0.27831799963551856,0.4591338435699045,-0.009,-0.13915899981775928,-10.037485781352656,0.2837418783589265,0.6832720649396702,0.23956692178495226,48.74796225176088,-0.2639567899092764,0.7061713008874447,-0.65699992912003,-0.7874046451024489,0.23563768534183427,0.5696216341729213,0.557064392985117,0.6676802940402516,0.4938443955523303,0.591381227215009,0.2711778724694927,0.3149481229715601
101,0.018,0.31780052878284176,0.5152980385941031,-0.009,-0.15890026439142088,-8.681956961246343,-0.10913280820914739,0.670545149418704,0.26764901929705154,65.10073112533476,-0.2867521269137553,0.5916865792220637,-0.7534455585368663,-0.6551510583986925,0.4526971911886667,0.6048490255997482,0.6989637389661291,0.6670623996736621,0.25783220619640357,0.3165173511706034,0.28475620363083765,0.42375358604042773
103,0.018,0.23448924204910085,0.6240553365837513,-0.009,-0.11724462102455042,-12.146532389402791,0.37060190676152005,0.55788732970004,0.3220276682918757,59.4427103430073,-0.39939251294116673,0.75484113354213,-0.5202888464299161,-0.5689614187431701,0.24091874588427875,0.7862830672622334,0.7188661381566804,0.610059850337964,0.33325433893247614,0.6275421508991786,0.15369704953867835,0.4555270899335739
106,0.018,0.4757365318633192,0.766949529757375,-0.009,-0.2378682659316596,-5.64077649215801,-0.5933871932449922,0.7073685043643169,0.3934747648786875,107.95894273550418,0.15180797564200849,0.2057930253253063,-0.9667489691015623,-0.6659580658566219,0.7440458546542845,0.053810971857816414,0.7303794856456354,0.6356453389266952,0.25000162009231874,0.12479068802274207,0.7294935119503458,0.32203306058323916
114,0.018,0.2082083298626848,0.33328892136668176,-0.009,-0.1041041649313424,-13.902474797058094,0.36993555705960546,0.5908254499066229,0.1766444606833409,-17.64198223940419,-0.3130846302452236,0.7886572236016071,0.5291481814815359,0.8249479540789125,-0.05023358400058309,0.5629719887343178,0.4705729352238907,0.6127775866490722,-0.6348738000069862,0.07213356656381961,0.30571606842595306,0.5013455679887133
121,0.018,0.4063519088674602,0.37018890246390523,-0.009,-0.2031759544337301,-6.665998511599583,-0.43645118730618615,0.6443344526887651,0.19509445123195263,117.28660491714092,-0.19849120744815302,-0.5607014622059554,-0.8038750592261696,-0.8245681255045552,0.5388950021941711,-0.1722776335223132,0.5298005728268689,0.6286541552318318,-0.5693024733321239,0.17178810425333896,0.771312771788802,0.22328499499824672
122,0.018,0.2288639526947725,0.3211216603588205,-0.009,-0.11443197634738625,-12.483718549262624,0.5327030948240983,0.12286522583170037,0.17056083017941026,-38.52611566605749,-0.22479173898049787,0.7743928344380763,0.5914257451760833,0.7209998757773425,-0.2760979575227819,0.6355541652611558,0.655460031745018,0.5692852148288323,-0.4962725974322072,0.15499352231795435,-0.14737331855995278,0.4020207874953352
127,0.018,0.3057759898301934,0.26913673935873456,-0.009,-0.1528879949150967,-9.054180570785034,0.7929505107117536,0.21845542258016595,0.1445683696793673,-0.6963665524733293,-0.6297497464841929,0.7116667417737328,0.311361053210343,0.45907511253137656,0.01762696014867582,0.8882225685773926,0.6266301124725804,0.7022960479235778,-0.3378090632495302,0.5980046707300064,-0.29814265739826606,0.15862529966895397
128,0.018,0.23895726614631144,0.7619846297383184,-0.009,-0.11947863307315572,-11.891515650126866,-0.17872388625131796,0.717592131096894,0.3909923148691592,32.70726411456078,-0.6813191815318279,0.7251203283198218,-0.1000234089308798,-0.129907616658468,0.014696010069998544,0.9914171868704613,0.7203667010703068,0.6884653489794359,0.08418598008995892,-0.13216488688186284,0.22479974268451208,0.6987912292937538
136,0.018,0.2060395379176636,0.5135203590701678,-0.009,-0.1030197689588318,-14.070574014486471,-0.5499117182841933,0.12736005033054792,0.2667601795350839,174.74502968039596,0.46769629116438705,-0.7986316043714274,-0.3787449534055824,-0.7767620958592414,-0.16689155813884526,-0.6072790579777533,0.42178291296286025,0.5782168869214289,-0.6984013215991621,-0.32506158094266197,0.4523221485544243,0.2602355861527206
142,0.018,0.3457961146875436,0.6426493077613821,-0.009,-0.1728980573437718,-7.923912038522759,-0.44583506670086326,0.10075410598873553,0.33132465388069104,151.49719579915208,0.29131926628957466,-0.6462137541898205,-0.7053657696432412,-0.7655575022193419,0.284659592300826,-0.5769667471412974,0.57363298012247,0.7080795862097886,-0.4117869639859767,-0.011130006912881268,0.483046840682016,0.5498353899508903
143,0.018,0.2624154356805998,0.3002274546524405,-0.009,-0.1312077178402999,-10.71182370119647,-0.7139204299863153,0.28082454525950934,0.16011372732622026,82.19191216743265,-0.6903992620268524,-0.2578140092787068,-0.6759295788855644,-0.5143407703883516,0.8319747244523433,0.20801834002982655,0.5087262828959149,0.4912738487769184,-0.7069989919362113,-0.30697324248843005,0.08424629718403183,0.2769709183888312
151,0.018,0.4770832059178996,0.20737057421385732,-0.009,-0.2385416029589498,-5.62399363210907,0.45605673064457974,0.3579827518487692,0.11368528710692866,34.462470198146356,-0.9073558085906407,0.3848107345568663,-0.16919259790732763,0.19991482998982657,0.7490820257269258,0.6315933656103301,0.36978304094017667,0.5392557995076643,-0.7566132997313662,0.6707491214299267,-0.24886094003623588,0.4079402897534974
154,0.018,0.27944944550353956,0.3463429593963985,-0.009,-0.13972472275176978,-9.992745161505303,0.7867552699174021,0.16755017973746344,0.18317147969819925,-75.11201993865808,0.30258113170769074,0.40194646243717813,0.864224334341918,0.7355023235386414,-0.6751621439232227,0.05650142902845312,0.6062021039255414,0.6185427396285852,-0.4999238826551613,0.2752781216749606,0.19082988082688213,0.4832196894749619
160,0.018,0.3921985066596517,0.2563620779865826,-0.009,-0.19609925332982586,-6.922770150401905,-0.47854518776589183,0.6615591180463007,0.13818103899329132,73.85421901000277,-0.8056371332120911,-0.1143995918083845,-0.5812585852990722,-0.41599056454953603,0.8078226916809093,0.4175815477378868,0.42178271633100617,0.5782172880496447,-0.6984011082500889,0.002318354596972848,0.34303145452244876,0.2820005811823364
163,0.018,0.3656367204706237,0.3137942738337866,-0.009,-0.18281836023531184,-7.462378539275499,-0.6463473011457692,0.5295134281261104,0.1668971369168933,53.189823290942826,-0.6720957271277499,0.16578835562885955,-0.7216658192782164,-0.3201411303933954,0.8137523798225819,0.48509454847846234,0.6676803053910303,0.5570648844353439,-0.4938438258417098,-0.22814661151226337,0.09713337253576734,0.2557494280661097
169,0.018,0.5178116925558731,0.5637809765606275,-0.009,-0.25890584627793656,-5.159764275658728,-0.27187389445154175,0.31148429941047895,0.2918904882803138,106.4172270556425,0.3753895884559109,-0.01640645456271439,-0.9267219027990994,-0.6435145976478144,0.7149691723902005,-0.2733277248027418,0.66706193077785,0.6989634545384711,0.2578341903754683,0.5000744055401564,0.42689488300390377,0.4691236267476903
176,0.018,0.5533157962829346,0.28304867679576373,-0.009,-0.2766578981414673,-4.813478816909285,-0.5776934930335618,0.7789532418909549,0.15152433839788187,48.813714422728026,-0.9105115165651709,0.15794964182261997,-0.38212653512978983,-0.07118818954407266,0.8504818137586829,0.5211649701727641,0.40730948905178926,0.5017296035852847,-0.7631293370160287,-0.14217925368352596,0.20421519053181206,0.48909187438946256
186,0.018,0.22781186646172924,0.7183667961198281,-0.009,-0.11390593323086462,-12.54888806347059,0.19105705009589724,0.5868149255797157,0.36918339805991407,77.67924219497101,-0.7759399549814596,0.04000209150399353,-0.6295371465915869,-0.3997256083931893,0.7408631963210706,0.5397602822842947,0.48799244282884713,0.6704636880638898,-0.558875494837358,0.5254548308877856,0.29649163634191433,0.3652545328606321
199,0.018,0.42731342463629873,0.4385786784950618,-0.009,-0.21365671231814937,-6.318954603747227,0.7009562999026986,0.06075879813698446,0.22928933924753092,-57.49818470890455,-0.6662992603385085,0.1299527833873446,0.7342734979299189,0.45064536629336893,-0.7143615237046719,0.5353562993826217,0.5941077760058963,0.6876044557303436,0.41741593518827974,0.08792040398771814,-0.2209833161953856,0.3164755966098785
200,0.018,0.5387771987640975,0.43772747871078166,-0.009,-0.26938859938204873,-4.949493775621425,0.47730483036437144,0.5334429614111279,0.22886373935539084,0.8907970557731045,-0.6733971488546241,0.71569928757931,0.1852317728494001,0.42566608429574715,0.17050777310454068,0.888670627393106,0.604437477821147,0.6772751501933307,-0.4194683615432897,0.3276982102996498,-0.22760833474683773,0.5293626619115371
202,0.018,0.37298604657281464,0.4666189084092916,-0.009,-0.18649302328640732,-7.304812779326743,-0.7495900509892268,0.2522872824958601,0.2433094542046458,94.15864748255642,-0.5467614345507099,-0.4517306866024626,-0.7049761134036512,-0.6780129645831405,0.7328961666474332,0.05622836268893977,0.49127421420753503,0.5087264448553521,-0.70699862146938,-0.1969180685814937,0.15496678109347162,0.660813208794183
204,0.018,0.34845277427767757,0.7699329003974138,-0.009,-0.17422638713883878,-7.858818992600256,-0.2983145339610145,0.420790935536683,0.3949664501987069,151.812542612539,0.7678595441488246,-0.23294587905223818,-0.5967645581736061,-0.12451365878000036,0.8595101327652557,-0.49572036517685064,0.6284012008556132,0.4549489521984115,0.6309781150379075,0.1090318349546681,0.7871496083077835,0.3823301200060578
211,0.018,0.3877258774334497,0.40597891050080426,-0.009,-0.19386293871672486,-7.008087285297939,0.3385645571910265,0.38009352969292975,0.21298945525040214,67.46556672261195,0.00703006833404185,0.7838250392212412,-0.6209419345067927,-0.8136674387478545,0.3654478173664839,0.4520986528442428,0.5812881189743385,0.5020619490380569,0.640342035218197,0.8040499802859398,0.017464676426075354,0.23032973052485595
212,0.018,0.42505737160486945,0.5963019038284094,-0.009,-0.21252868580243472,-6.3545576605871155,0.7026401457914808,0.19216185762958587,0.3081509519142047,4.024345669211589,-0.6776492113993975,0.7106301862202284,0.1891990611033242,0.5241764503229871,0.28631359650715393,0.8020371396524802,0.5157815382665117,0.6426735274521135,-0.5665157913912813,0.5724870967012118,-0.4326989788767737,0.30779393058941495
213,0.018,0.4644797356980236,0.4176164637579481,-0.009,-0.2322398678490118,-5.785088911440714,-0.10352103480571828,0.4444770017562194,0.21880823187897405,91.14362667400901,-0.5468732997413408,-0.4498470986607606,-0.7060928988854895,-0.6649264601120362,0.7458468499904599,0.039815562311555475,0.5087262492469748,0.4912739197085516,-0.706998966860137,0.5400994456533262,0.3348980560356867,0.25489831884994923
215,0.018,0.4494547781954866,0.6826038896906343,-0.009,-0.2247273890977433,-5.98964345679411,0.19490587594788433,0.6336740087753411,0.3513019448453172,68.98566041947967,-0.12200026725367796,0.6545115538973901,-0.7461437935176134,-0.7255443578784867,0.4541692225898468,0.5170258233423438,0.6772749216830085,0.6044377081775739,0.4194683985621761,0.7578324567207448,0.23976429144702477,0.24927638777586303
216,0.018,0.28875225247414404,0.6162098494155592,-0.009,-0.14437612623707202,-9.639542686967149,0.3374675889911931,0.4416727435410763,0.3181049247077796,58.616599155984204,-0.15731271828972815,0.6082247471069782,-0.7780201576250767,-0.7888524399041577,0.3965634400361221,0.4695202509838894,0.5941081860415274,0.68760460661151,0.41741510303902096,0.7301730303559149,0.07661273714487553,0.37456831346222846
217,0.018,0.4931452467020796,0.23681837392614652,-0.009,-0.2465726233510398,-5.431267625578716,0.706170544979307,0.5435309463098053,0.12840918696307327,-15.08329587452336,-0.499918954720322,0.7841863082210612,0.36760423380309853,0.6740002443170949,0.08571834725974392,0.7337411230151641,0.543879315079951,0.6145764386483431,-0.5713939898935606,0.37909024941276115,-0.08530050593688199,0.3309473465841436
218,0.018,0.35267283547839834,0.4640311497178802,-0.009,-0.17633641773919917,-7.757596809361688,0.07665451194048067,0.5704912854939584,0.2420155748589401,43.32028524738905,-0.7476120223777021,0.33636348690907714,-0.5726568507148846,-0.16549183268276582,0.7407085414820873,0.6511246500408184,0.6431863783629299,0.581558648160137,-0.4980972007937128,0.38708399095299373,0.07179887205377164,0.6040091415655434
225,0.018,0.25101736201941377,0.31465666482683186,-0.009,-0.12550868100970689,-11.25410421982783,0.306469474165564,0.04458568331742701,0.16732833241341594,35.385716644856664,-0.8650895203442313,0.4562552357785118,-0.20844971003885368,0.20808481987758132,0.7045239462520958,0.6784885532519238,0.4564217671486561,0.5435781167247893,-0.7044160712894254,0.4042608755228104,-0.38397942680081737,0.2855782147450837
229,0.018,0.4639254068391972,0.7776829958939628,-0.009,-0.2319627034195986,-5.792386755212186,-0.2496544540136384,0.5560426550854932,0.3988414979469814,92.84468923513278,-0.09249289526413829,0.3377432935497988,-0.9366827274951706,-0.6791547254234265,0.6665261335034145,0.307395140319457,0.7281441637894845,0.6645843671191213,0.1677310219374749,0.4419390194990297,0.3886559732094077,0.6529624736144515
233,0.018,0.24798834533757239,0.45135013983004,-0.009,-0.12399417266878619,-11.407638353336454,0.5076950450295559,0.2612121395216705,0.23567506991502002,-49.618833826200685,0.17048623561760035,0.6247806762086561,0.7619603336796443,0.881949690957599,-0.4416063631567996,0.1647682088244605,0.4394305247530444,0.6439199691387741,-0.6263129307778859,0.07020552048151749,0.15930318217669906,0.6139879739547008
240,0.018,0.5118912064971769,0.5247680560816692,-0.009,-0.25594560324858845,-5.222421734949188,-0.46817299784976607,0.14243513394404525,0.2723840280408346,167.57477850399584,0.767908312018672,-0.49232211711275387,-0.40979965511728994,0.12420643915433119,0.7420518487727101,-0.6587350106117059,0.6284024067468514,0.45494833413764557,0.6309773597048836,-0.1477328460734222,0.7743831709057898,0.31647275991915713
243,0.018,0.34523336656927184,0.5003333742811018,-0.009,-0.17261668328463592,-7.9378394946364965,-0.6794241112401349,0.1810797172933355,0.2601666871405509,113.37446448267646,0.4654583785528436,0.11065296696296778,-0.8781255142274654,-0.6049293336890044,0.7640134383398326,-0.22437461371270184,0.6460719767003792,0.6356409261040696,0.42255368177786085,-0.098163257925085,0.27224266262162267,0.20256468467712388
246,0.018,0.42469360007040813,0.5022496072065187,-0.009,-0.21234680003520406,-6.36033605767568,-0.18656383098372797,0.6848136927353489,0.26112480360325935,37.18921131024612,-0.4511723555467584,0.6387514968668995,-0.623249573478141,-0.6068164961353668,0.29250957801186117,0.739061490533311,0.6543831030889978,0.7116422359736796,0.25563270989839304,0.1512843347151583,0.08425337942606903,0.36712090995682795
254,0.018,0.33084525851958313,0.7799830702381882,-0.009,-0.16542262925979156,-8.31140361327969,0.13209918091593553,0.7468739634353049,0.39999153511909413,52.74570078622505,-0.6328793391299399,0.5465881134014879,-0.5483659146871305,-0.3459630371684457,0.43397503927891157,0.8318504926944817,0.6926567107995387,0.7161753273962107,-0.08555455226517783,0.45556695841832295,0.254436931997054,0.6218120219697924
256,0.018,0.3980008697428551,0.2833424718014277,-0.009,-0.19900043487142755,-6.815142494968118,-0.41327151255464084,0.6500241808691148,0.15167123590071385,86.6503436951424,-0.6362231490780468,-0.25854918845132235,-0.7268923040783803,-0.5989565581278401,0.7593841432764883,0.25413926185437263,0.4862829896807674,0.5970661940617612,-0.6379975030168523,0.1520475475501726,0.45177968446726724,0.27449234519441595
259,0.018,0.2297513219379076,0.6775830144635961,-0.009,-0.1148756609689538,-12.429280325263186,-0.5445956773460834,0.08737800060246209,0.3487915072317981,171.86951217778426,0.7848363206849989,-0.6149721694357225,-0.07642761642989149,0.14759853779883092,0.3052825070627451,-0.9407535609930648,0.6018692726608335,0.7270569590486058,0.3303657926083046,-0.3849597884161803,0.548022507554676,0.5382870774422328
269,0.018,0.5293872436208567,0.61255598036221,-0.009,-0.2646936218104283,-5.041507816455938,-0.5983390472641269,0.4013955144080842,0.31627799018110503,128.33804247429964,0.29729841665865936,-0.19427529452293668,-0.9348105483948501,-0.6290377034830925,0.6967022859934197,-0.34484415652329137,0.7182793461105303,0.6905527022824323,0.08492200139810258,0.11455079569809812,0.7227352949104959,0.4493389799369687
272,0.018,0.20804086806106525,0.26692721374647016,-0.009,-0.10402043403053263,-13.915309756876212,0.02179932917016425,0.47735975775959044,0.1434636068732351,106.99365233516335,-0.23788544802637507,-0.5721037793348006,-0.7849253335751938,-0.7027722993897353,0.6592123647157095,-0.26748860427387683,0.6704637267054465,0.487992135056253,-0.5588757172175983,0.45219656186937596,0.5028143421051682,0.23046667775781604
289,0.018,0.439025425250786,0.2327539930501199,-0.009,-0.219512712625393,-6.140368354503338,-0.4857459423528182,0.7646930314797307,0.12637699652505996,66.02461622663056,-0.7796349467910207,0.0779687276079418,-0.6213615913921302,-0.3551621651388701,0.7621623029455097,0.5412656098651263,0.5157801723564333,0.64267371307997,-0.5665168243926848,0.018477693929180417,0.3512512386115072,0.38255352768207923
295,0.018,0.2548548511243055,0.3488309489520868,-0.009,-0.12742742556215275,-11.065463046381307,0.36741002168109627,0.27000170932341655,0.1844154744760434,79.30152788422866,-0.11181417463325383,0.6668841377229344,-0.7367246006511676,-0.6972233950911788,0.47561629620344703,0.5363475329702234,0.7080798879283425,0.5736328840288474,0.411786579033524,0.7628302880677297,-0.020057107249735515,0.2394140086800523
304,0.018,0.3091836915003706,0.6067301723158427,-0.009,-0.1545918457501853,-8.945478771835726,-0.05504751179762979,0.4260094571703637,0.31336508615792136,77.58662359364479,-0.626041826626796,0.06941912159821031,-0.7766933866528787,-0.5050817515067637,0.7227587604204949,0.47171198684185417,0.5941077811379387,0.6876050899985854,-0.41741488305928043,0.40672937047353636,0.13306737891742915,0.7167098863484267
306,0.018,0.31941569350396054,0.6292629389739275,-0.009,-0.15970784675198027,-8.634286694554916,0.3231062088988952,0.6132303041407159,0.32463146948696375,3.9195161362281237,-0.680189028842943,0.7102745622656867,-0.18125377579510055,0.06235542494149199,0.30243131207705953,0.9511293826056022,0.7303798231208605,0.6356456148465395,-0.2499999326086011,0.28732059082721173,0.029653798044362745,0.6022696775988032
322,0.018,0.4440543106028315,0.46002446270148295,-0.009,-0.22202715530141576,-6.066753528512239,0.6814980157303274,0.5463790755210503,0.24001223135074148,11.719723658913308,-0.7456918262717807,0.656149140705306,0.11581021277566955,0.4867904902225887,0.41782674964214833,0.7671087445156192,0.454949138762026,0.628402030896755,-0.6309771538689221,0.6304803583976035,-0.09327350704186159,0.5657044126710024
323,0.018,0.2804778851592521,0.6374044485609041,-0.009,-0.14023894257962605,-9.95242412203195,-0.4981173302009809,0.6798635605792124,0.32870222428045204,42.60252541163172,-0.8304680083105012,0.4489785709740465,-0.3297591999912858,0.001551504913144236,0.5938186888634236,0.8045973885049772,0.5570641614798911,0.6676807677046178,-0.49384401629672325,-0.3178594781002848,0.20459094328145389,0.7279499421934387
324,0.018,0.47675908657111915,0.7091369715599325,-0.009,-0.23837954328555958,-5.628023806828935,-0.378505112185367,0.7420722388776427,0.36456848577996626,50.29191873583545,-0.5307211710334543,0.2734248861153924,-0.8022305592968046,-0.45045215506025427,0.7107848557538594,0.5402571099324266,0.7179330711274221,0.6480923703329257,-0.2540637418007502,0.13731155854400745,0.20923220431439687,0.5625203897889535
326,0.018,0.4721486783580557,0.5467348078033527,-0.009,-0.23607433917902784,-5.685983601703188,-0.1138440596600605,0.5844387775243801,0.28336740390167636,63.194879525838275,-0.8220999481627342,0.1379073348431527,-0.55238866953196,-0.2932836009221464,0.7290128929943995,0.6184859992579262,0.4879922178282862,0.6704638460382445,-0.5588755017842849,0.385186764048428,0.12107978749002074,0.6717764515340401
328,0.018,0.3041979246681987,0.7632343681082983,-0.009,-0.15209896233409936,-9.105422946592904,0.6419996329934794,0.20762034002297494,0.39161718405414914,-1.742724579534722,-0.751000286072793,0.6599665874135219,0.021039815026132558,-0.20816678198463937,-0.26687918320161297,0.9409793262616346,0.6266300034284531,0.7022959526235293,0.3378094636505413,0.5190960149894157,-0.33989201792331947,0.5844394106208407
329,0.018,0.3130961276866716,0.5919594946587883,-0.009,-0.1565480638433358,-8.823864176859125,-0.6234141470622699,0.4044589063051536,0.30597974732939415,156.0976820554378,0.8278003224739142,-0.28717440853326104,-0.48195174571284133,-0.010058804944823002,0.8513237043352615,-0.5245443459613022,0.5609326577720053,0.4390658373415768,0.7018374056178357,-0.27786950872089583,0.7657607674241858,0.36144931351921167
332,0.018,0.5364592170031081,0.24950714508779565,-0.009,-0.26822960850155403,-4.971894103655482,0.35389738009984684,0.3021671843488014,0.13475357254389783,38.648689773054905,-0.8950956191860122,0.3405880508615611,-0.2877561678302182,0.07762458177969872,0.7545541865443945,0.6516305731561818,0.43906520793332837,0.5609347191774188,-0.701836151821644,0.6705231113252658,-0.34499213127185774,0.23794076731879904
337,0.018,0.3613663433181723,0.6850588294339149,-0.009,-0.18068317165908615,-7.557104501267041,-0.43554926908828906,0.6690783106412358,0.3525294147169575,72.93973400797923,-0.6353039094073065,-0.10212961892000988,-0.7654792509474357,-0.48563747606398716,0.8235313252606513,0.29317639426910835,0.6004541485692259,0.5580015208345663,-0.5727906408211625,0.07222313927499532,0.38432517808128547,0.2670966205821961
341,0.018,0.31071969112183917,0.31610470664553936,-0.009,-0.15535984556091958,-8.89733440984859,-0.4710034371859605,0.7584954442878701,0.1680523533227697,51.53301277622409,-0.8063464814403796,0.3273986296247261,-0.49256013763658524,-0.16037432715985894,0.6805750829716075,0.714910925658723,0.5692850139049358,0.6554599101074307,-0.49627298857102486,-0.18156621218824384,0.3033327054794531,0.4284409963330682
344,0.018,0.22708397698599714,0.46603806715749563,-0.009,-0.11354198849299857,-12.594378833459253,-0.049265220412914146,0.37775045950653763,0.24301903357874782,154.8208721869045,0.7056343807895769,-0.3395349218110569,-0.6219293830640824,-0.23942147154015408,0.7118449175710995,-0.660268257826879,0.6669014017178685,0.6148112313539451,0.4210102970092157,0.30114662834945505,0.6895859616697904,0.23050020765674176
350,0.018,0.28629992535288007,0.42419241103647615,-0.009,-0.14314996267644003,-9.730192627603344,0.12947072694423323,0.787519124611097,0.22209620551823808,83.12967146626958,-0.04635100039077528,0.5098798757595578,-0.8589959819802373,-0.7185426637740323,0.5803539684102941,0.3832567177323073,0.6939366146120929,0.6349895933366477,0.3394704571164717,0.6064789779712402,0.5457992455754648,0.25150319981817887
352,0.018,0.30687486442057954,0.4405884398857769,-0.009,-0.15343743221028977,-9.018839044206793,-0.5839400255099467,0.21700230868719556,0.23029421994288846,-178.1280515196184,0.7104793986925015,-0.6225052130165922,-0.32818635529331297,0.12840454691479541,0.5732087590707782,-0.8092860995075505,0.6919041092269561,0.5328404810932686,0.4871855142993751,-0.397864136232727,0.7142324295909489,0.2715656779701317
353,0.018,0.4720672210165289,0.4205576972033946,-0.009,-0.23603361050826446,-5.68701839559878,0.4940961347181634,0.6013159275754696,0.2202788486016973,-29.40220292442344,-0.21700803505814503,0.7395698679664612,0.6371372874948334,0.8792611816534309,-0.13543266055305392,0.45668125524585923,0.4240368936279192,0.6593135861269601,-0.6208851004741476,0.011270174033035207,0.14297916425306506,0.5801845104383241
362,0.018,0.20935012589329022,0.6431846344971603,-0.009,-0.10467506294664511,-13.815596383867836,-0.004229979644718163,0.5096976857661026,0.3315923172485802,94.45007511254883,-0.1992368923101866,0.1992369939160332,-0.9594838617704219,-0.6784576724737057,0.6784574177201234,0.28176358707630045,0.7071066732849728,0.7071068890880958,1.196915780932173e-07,0.4394166028446388,0.3398731210801123,0.6217615626493385
363,0.018,0.45077358931239025,0.6429902924496016,-0.009,-0.22538679465619513,-5.971110345422077,0.19089565327143876,0.6534714514509217,0.3314951462248008,61.36214852782877,-0.8323763976950173,0.16475291747338133,-0.5291559399121163,-0.2627027768068965,0.7234198298344653,0.6384755287872975,0.4879926061101868,0.6704626954471683,-0.5588765430714597,0.6548691698913328,0.18412761271453337,0.21018543209818458
371,0.018,0.2608309079170196,0.72478556006499,-0.009,-0.1304154539585098,-10.784042203462228,0.6713944124515232,0.17419939700565826,0.372392780032495,-46.291352549131545,-0.25962775488274714,0.7613063125470297,0.594143187599242,0.645585902004293,-0.3207292345632863,0.6930740229079082,0.7182007184818513,0.5635117182210965,-0.4082184113923084,0.2509304217632695,-0.11272392619514773,0.8044712392962289
374,0.018,0.4851297303399289,0.6223270992262282,-0.009,-0.24256486516996445,-5.525762142885627,0.6004037258924313,0.08398415999201943,0.3211635496131141,-24.122882625016114,-0.7756613143730513,0.37439670742214104,0.50811084504912,0.05605285960279957,-0.7610115495816808,0.646312229757134,0.6286553923378212,0.529800459488994,0.5693012127247148,0.1748254278317788,-0.47090820313168713,0.46738468813336675
383,0.018,0.34819622830675323,0.6005803708712171,-0.009,-0.17409811415337662,-7.865058004297063,0.22877493050921016,0.49206835037127244,0.31029018543560855,48.47686397822442,-0.7668814709167013,0.4520330047909532,-0.4555864046965169,-0.17197997837012227,0.5391667161669562,0.8244526300628515,0.6183168254256458,0.7106091856691715,-0.3357363379769134,0.5204365156927765,-0.022868738098324987,0.6082197128320277
388,0.018,0.2630216485341449,0.793116126035833,-0.009,-0.13151082426707245,-10.684450843256984,-0.7796381345287099,0.15209665637904735,0.4065580630179165,-179.4042585889872,0.6628305570125342,-0.5987137951627075,-0.4496637011949277,-0.13487899071791398,0.4952427315899727,-0.8582204231257954,0.7365210862924229,0.6295049072796574,0.24750810321575267,-0.5559129484898945,0.608797204420625,0.22995293817767085
397,0.018,0.2520819002612627,0.4001908100402636,-0.009,-0.12604095013063135,-11.201128413106431,0.4440241924863191,0.14230583789283716,0.2100954050201318,16.1121889451654,-0.727494024466496,0.6496720330742924,-0.2206324858370984,0.3086359338990293,0.5970654289325279,0.7404436061442428,0.6127775327733679,0.4705731856095629,-0.6348736664199048,0.4657381356327156,-0.316709495559362,0.243431749287166
401,0.018,0.23650668822275722,0.5910503576554299,-0.009,-0.11825334411137861,-12.030033095939823,-0.7876958477924753,0.33711640111765373,0.30552517882771496,82.64992969415381,-0.6998287915380051,-0.06536882862826732,-0.7113132775213911,-0.4941756232977854,0.7633451513392138,0.41604643162170996,0.5157810735890767,0.6426749537446447,-0.5665145964197377,-0.40632608367517953,0.09203923152919977,0.7010041258873831
402,0.018,0.2284328499960124,0.30646168425818254,-0.009,-0.1142164249980062,-12.510339691486502,-0.27917201655679047,0.16187342069800925,0.16323084212909128,-175.22421453633436,0.6405398809861825,-0.7628811907824438,0.08786893430882087,-0.4413851456233689,-0.45938336572429617,-0.7708087159074262,0.6284009978423368,0.45494968078478587,-0.6309777918949107,-0.21286728068898733,0.5929378090557657,0.28960568605907355
408,0.018,0.28634884866370747,0.21770419610348068,-0.009,-0.14317442433185373,-9.728367437802802,-0.5148832090102662,0.29148387942078174,0.11885209805174034,73.06363106730768,-0.873067124622162,-0.09506651834565648,-0.4782427762064216,-0.33828737998065606,0.8244614090932164,0.4536794390997363,0.3511629884395759,0.5578760991525475,-0.7519699552139855,-0.17113124409260913,-0.008458061982164707,0.415166280395904
416,0.018,0.2829027832729685,0.5587394897483606,-0.009,-0.14145139163648426,-9.858635919838223,0.13434224636460246,0.47485932060273817,0.2893697448741803,68.69463487864931,-0.8086074724684826,0.030752110036763286,-0.5875442648825866,-0.33118340659980405,0.8016018905691882,0.4977468836957718,0.48628336046083365,0.5970667607262944,-0.6379966900970011,0.49258573404842887,0.14675824250615893,0.2709664850696194
423,0.018,0.528223749958119,0.6468057146405861,-0.009,-0.2641118749790595,-5.0531482045583616,-0.1753971909710993,0.34005241560188515,0.33340285732029307,123.5582466996007,0.7039535566370371,0.1748208814727419,-0.6883945449371016,-0.41244739120619245,0.8896840285287914,-0.19583022970927327,0.5782184185801,0.42178192088077243,0.6984006526578093,0.492536202874411,0.5837135174067329,0.4388593627047803
426,0.018,0.2554245700546535,0.48197748689657594,-0.009,-0.12771228502732676,-11.037998343792314,-0.6781933466020873,0.038448693308804495,0.250988743448288,117.78682053216613,0.1704268963196389,-0.5209247082081265,-0.836416236923419,-0.668218314546462,0.56273799684647,-0.48663151460823817,0.7241815774483223,0.6418437467822683,-0.2521857402807671,-0.18037892320921706,0.19066958323644773,0.5546023543886425
437,0.018,0.33037233717997244,0.41635768850679583,-0.009,-0.16518616858998622,-8.324282162487005,-0.37235377021661054,0.7718676491249359,0.21817884425339792,52.17631059356669,-0.7473765268829331,0.25749389242899173,-0.6124746708445761,-0.24255628503858812,0.752472942486317,0.6123323602540233,0.6185424606707968,0.6062024135449732,-0.4999238523611027,-0.02515152184083634,0.32799221021415814,0.35520787345094307
445,0.018,0.4746713850016325,0.37182880939118496,-0.009,-0.23733569250081624,-5.6541220616339825,0.15392508142594963,0.45744084103485677,0.1959144046955925,76.80331183096723,-0.17346400982474997,0.6312099638142734,-0.7559657524498729,-0.6553113538339954,0.4990287104770882,0.5670426577038368,0.73517159006029,0.593754433837052,0.32707553480360885,0.7654132350314872,0.1004538011863775,0.2863016202230228
449,0.018,0.37464734497011043,0.3107107404345148,-0.009,-0.18732367248505521,-7.270115565331257,-0.2707871083006579,0.5711438505818128,0.1653553702172574,121.46980117234223,-0.16629894956410443,-0.5735790695776171,-0.8020920834395207,-0.8404246010677783,0.5079157033427968,-0.18896594459811572,0.5157820753903162,0.6426730811542267,-0.5665158086636167,0.3004312403687065,0.7131349776383878,0.2214334382672697
