<?xml version="1.0" encoding="utf-8"?>
<Map NoOfSubMaps="0">
	<Model id="0">
		<ModelPath>D:\Cupec\Documents\Datasets\RGBDPanTiltIndoor\Exp150113\Exp0\sl-00015-M.dat</ModelPath>
		<ImagePath>D:\Cupec\Documents\Datasets\RGBDPanTiltIndoor\Exp150113\Exp0\sl-00015-LW.bmp</ImagePath>
		<AbsolutePose>0,0,0,0,0,0,0,0,0,0,0,0</AbsolutePose>
		<Neighbours>
			<Neighbour>
				<Id>1</Id>
				<RelativePose>1369.11,-447.467,837.535,-0.030369,0.0515336,-0.998209,-0.0345025,0.998021,0.0525736,0.998943,0.0360373,-0.0285308,0.00459202,-5.06551e-005,0.000124534,-5.06551e-005,0.00102114,-0.000988407,0.000124534,-0.000988407,0.00251314,0.0589685,5.47629,0.0187836,0.387152,-0.0126284,-0.756334,-0.609394,0.0922559,0.0423,1290.02,97.1579,-169.433,97.1579,6772.55,-1.86814,-169.433,-1.86814,1162.9</RelativePose>
			</Neighbour>
		</Neighbours>
	</Model>
	<Model id="1">
		<ModelPath>D:\Cupec\Documents\Datasets\RGBDPanTiltIndoor\Exp150113\Exp0\sl-00030-M.dat</ModelPath>
		<ImagePath>D:\Cupec\Documents\Datasets\RGBDPanTiltIndoor\Exp150113\Exp0\sl-00030-LW.bmp</ImagePath>
		<AbsolutePose>0,0,0,0,0,0,0,0,0,0,0,0</AbsolutePose>
		<Neighbours>
			<Neighbour>
				<Id>0</Id>
				<RelativePose>-810.51,345.844,1414.08,-0.030369,-0.0345025,0.998943,0.0515336,0.998021,0.0360373,-0.998209,0.0525736,-0.0285308,0.00257375,-0.000928156,-0.000112891,-0.000928156,0.000956713,-0.000113289,-0.000112891,-0.000113289,0.00459584,0.229247,3.44132,0.776065,1.17742,-1.15723,-1.02985,-0.221654,-1.95657,1.65603,2873.06,186.685,-2658.52,186.685,5553.13,-985.898,-2658.52,-985.898,2739.49</RelativePose>
			</Neighbour>
			<Neighbour>
				<Id>2</Id>
				<RelativePose>961.321,190.97,1747.32,0.0697088,-0.0252156,-0.997249,-0.0458524,0.998543,-0.0284534,0.996513,0.0477097,0.0684511,0.00290074,0.00192648,0.000559218,0.00192648,0.00198994,-0.00109125,0.000559218,-0.00109125,0.00344914,-0.635802,3.78425,-2.21176,-0.307386,2.61675,-1.91452,-0.517942,0.528734,0.670802,459.646,-780.47,411.347,-780.47,5050.54,-2984.25,411.347,-2984.25,2150.67</RelativePose>
			</Neighbour>
		</Neighbours>
	</Model>
	<Model id="2">
		<ModelPath>D:\Cupec\Documents\Datasets\RGBDPanTiltIndoor\Exp150113\Exp0\sl-00045-M.dat</ModelPath>
		<ImagePath>D:\Cupec\Documents\Datasets\RGBDPanTiltIndoor\Exp150113\Exp0\sl-00045-LW.bmp</ImagePath>
		<AbsolutePose>0,0,0,0,0,0,0,0,0,0,0,0</AbsolutePose>
		<Neighbours>
			<Neighbour>
				<Id>1</Id>
				<RelativePose>-1799.48,-249.816,844.504,0.0697088,-0.0458524,0.996513,-0.0252156,0.998543,0.0477097,-0.997249,-0.0284534,0.0684511,0.00360851,-0.000891564,-0.000398211,-0.000891564,0.0017915,-0.00199001,-0.000398211,-0.00199001,0.00293981,-3.15369,2.89469,0.660919,5.20832,-1.57756,-1.773,-5.69215,0.90417,1.99872,15510.5,-13897.6,-5997.78,-13897.6,2942.71,-1070.35,-5997.78,-1070.35,2047.87</RelativePose>
			</Neighbour>
		</Neighbours>
	</Model>
	<Model id="3">
		<ModelPath>D:\Cupec\Documents\Datasets\RGBDPanTiltIndoor\Exp150113\Exp0\sl-00060-M.dat</ModelPath>
		<ImagePath>D:\Cupec\Documents\Datasets\RGBDPanTiltIndoor\Exp150113\Exp0\sl-00060-LW.bmp</ImagePath>
		<AbsolutePose>0,0,0,0,0,0,0,0,0,0,0,0</AbsolutePose>
		<Neighbours>
			<Neighbour>
				<Id>4</Id>
				<RelativePose>-683.633,-94.0402,1535.3,-0.00642643,-0.049443,0.998756,0.162001,0.985532,0.0498307,-0.98677,0.162119,0.00167635,0.00426974,0.000296468,8.602e-005,0.000296468,0.00511172,0.000381609,8.602e-005,0.000381609,0.000635174,2.86082,3.52711,0.760718,1.46635,-0.558922,2.83024,0.121572,-0.184225,-0.206319,3724.74,2138.1,1170.93,2138.1,3582.88,459.62,1170.93,459.62,2025.53</RelativePose>
			</Neighbour>
			<Neighbour>
				<Id>5</Id>
				<RelativePose>1176.92,-70.1544,982.173,0.0317067,-0.0174499,-0.999345,-0.0981275,0.994963,-0.0204867,0.994669,0.0987128,0.0298347,0.0029384,-8.91513e-005,0.000389013,-8.91513e-005,0.00489582,-0.000252522,0.000389013,-0.000252522,0.000265449,-1.69468,4.15823,0.293665,-0.488074,0.353377,-0.197466,-0.203708,0.424286,-0.0480472,1583.13,-2427.81,-72.6986,-2427.81,6058.05,437.052,-72.6986,437.052,396.554</RelativePose>
			</Neighbour>
		</Neighbours>
	</Model>
	<Model id="4">
		<ModelPath>D:\Cupec\Documents\Datasets\RGBDPanTiltIndoor\Exp150113\Exp0\sl-00075-M.dat</ModelPath>
		<ImagePath>D:\Cupec\Documents\Datasets\RGBDPanTiltIndoor\Exp150113\Exp0\sl-00075-LW.bmp</ImagePath>
		<AbsolutePose>0,0,0,0,0,0,0,0,0,0,0,0</AbsolutePose>
		<Neighbours>
			<Neighbour>
				<Id>3</Id>
				<RelativePose>1525.83,-190.023,684.895,-0.00642643,0.162001,-0.98677,-0.049443,0.985532,0.162119,0.998756,0.0498307,0.00167635,0.000631276,0.000354631,-4.27555e-005,0.000354631,0.00508368,0.00034908,-4.27555e-005,0.00034908,0.00430168,1.2895,0.601709,0.227762,10.5953,-0.864796,2.04357,1.56435,-2.67891,-2.34915,22833.7,-2091.23,8150.02,-2091.23,2893.55,-2949.84,8150.02,-2949.84,3749.31</RelativePose>
			</Neighbour>
		</Neighbours>
	</Model>
	<Model id="5">
		<ModelPath>D:\Cupec\Documents\Datasets\RGBDPanTiltIndoor\Exp150113\Exp0\sl-00090-M.dat</ModelPath>
		<ImagePath>D:\Cupec\Documents\Datasets\RGBDPanTiltIndoor\Exp150113\Exp0\sl-00090-LW.bmp</ImagePath>
		<AbsolutePose>0,0,0,0,0,0,0,0,0,0,0,0</AbsolutePose>
		<Neighbours>
			<Neighbour>
				<Id>3</Id>
				<RelativePose>-1021.14,-6.6149,1145.41,0.0317067,-0.0981275,0.994669,-0.0174499,0.994963,0.0987128,-0.999345,-0.0204867,0.0298347,0.000387109,-0.000709521,-0.000464504,-0.000709521,0.00480226,-4.722e-006,-0.000464504,-4.722e-006,0.0029103,-0.696776,0.411711,0.673384,4.93061,0.197168,-6.14641,0.37215,-1.86099,1.49721,5461.25,69.9447,-5897.78,69.9447,1372.58,-3060.95,-5897.78,-3060.95,9180.46</RelativePose>
			</Neighbour>
		</Neighbours>
	</Model>
	<Model id="6">
		<ModelPath>D:\Cupec\Documents\Datasets\RGBDPanTiltIndoor\Exp150113\Exp0\sl-00120-M.dat</ModelPath>
		<ImagePath>D:\Cupec\Documents\Datasets\RGBDPanTiltIndoor\Exp150113\Exp0\sl-00120-LW.bmp</ImagePath>
		<AbsolutePose>0,0,0,0,0,0,0,0,0,0,0,0</AbsolutePose>
		<Neighbours>
			<Neighbour>
				<Id>8</Id>
				<RelativePose>-1088.06,-14.3751,351.946,0.0574797,0.0189274,0.998167,-0.00836878,0.999794,-0.0184763,-0.998312,-0.00729143,0.0576263,0.000960351,-0.000376676,0.00160332,-0.000376676,0.00064505,-0.000709717,0.00160332,-0.000709717,0.00327521,0.44336,2.13449,-0.52379,-0.509616,-0.957003,0.072404,0.890849,3.87334,-1.02768,636.099,1199.59,176.543,1199.59,5476.62,-1332.96,176.543,-1332.96,1228.59</RelativePose>
			</Neighbour>
			<Neighbour>
				<Id>22</Id>
				<RelativePose>374.935,-34.4583,235.534,0.0226036,0.00899374,-0.999704,0.00375047,0.999952,0.00908077,0.999737,-0.00395462,0.0225688,0.00333588,-0.000671844,-0.000677616,-0.000671844,0.0015356,-7.39965e-005,-0.000677616,-7.39965e-005,0.00343271,-0.354157,3.72022,0.780664,-1.85041,-0.623958,0.0945189,0.51372,-3.70409,-0.54118,3030.19,-690.445,-665.201,-690.445,7277.34,1185.05,-665.201,1185.05,716.07</RelativePose>
			</Neighbour>
		</Neighbours>
	</Model>
	<Model id="8">
		<ModelPath>D:\Cupec\Documents\Datasets\RGBDPanTiltIndoor\Exp150113\Exp0\sl-00150-M.dat</ModelPath>
		<ImagePath>D:\Cupec\Documents\Datasets\RGBDPanTiltIndoor\Exp150113\Exp0\sl-00150-LW.bmp</ImagePath>
		<AbsolutePose>0,0,0,0,0,0,0,0,0,0,0,0</AbsolutePose>
		<Neighbours>
			<Neighbour>
				<Id>6</Id>
				<RelativePose>413.773,37.5325,1065.52,0.0574797,-0.00836878,-0.998312,0.0189274,0.999794,-0.00729143,0.998167,-0.0184763,0.0576263,0.00307187,0.000675264,-0.00173479,0.000675264,0.000640952,-0.00042183,-0.00173479,-0.00042183,0.00116778,1.06753,0.247146,1.70639,0.238964,-0.0462161,1.22258,-0.633513,0.0442589,-1.03513,1265.64,1360.01,147.889,1360.01,769.848,-2429.85,147.889,-2429.85,2557.66</RelativePose>
			</Neighbour>
			<Neighbour>
				<Id>20</Id>
				<RelativePose>-1612.27,758.667,96.2729,0.996357,-0.0788834,-0.0323979,0.0805788,0.995237,0.054867,0.0279155,-0.0572777,0.997968,0.00185378,0.000139613,0.000814238,0.000139613,0.000298945,-0.000384246,0.000814238,-0.000384246,0.00278992,-0.996978,1.28465,0.0939765,-0.0851283,0.81474,-0.222444,-1.55749,-3.28371,0.780879,1363.94,866.893,-267.352,866.893,7637.16,-1182.17,-267.352,-1182.17,407.804</RelativePose>
			</Neighbour>
		</Neighbours>
	</Model>
	<Model id="9">
		<ModelPath>D:\Cupec\Documents\Datasets\RGBDPanTiltIndoor\Exp150113\Exp0\sl-00165-M.dat</ModelPath>
		<ImagePath>D:\Cupec\Documents\Datasets\RGBDPanTiltIndoor\Exp150113\Exp0\sl-00165-LW.bmp</ImagePath>
		<AbsolutePose>0,0,0,0,0,0,0,0,0,0,0,0</AbsolutePose>
		<Neighbours>
			<Neighbour>
				<Id>11</Id>
				<RelativePose>333.891,14.3006,-42.7429,0.130846,0.000684249,-0.991402,0.0172474,0.999847,0.00296641,0.991253,-0.0174872,0.130815,0.00292031,-0.00153872,0.000430576,-0.00153872,0.0021009,-0.00014587,0.000430576,-0.00014587,0.000296773,1.04848,1.70054,0.149721,-0.798976,-0.579255,-0.456397,0.116156,0.20693,-0.0820446,476.951,553.744,143.602,553.744,1120.91,53.6027,143.602,53.6027,217.675</RelativePose>
			</Neighbour>
			<Neighbour>
				<Id>13</Id>
				<RelativePose>-85.5082,8.65379,148.702,0.0270125,0.0139936,0.999537,0.00984827,0.99985,-0.0142642,-0.999587,0.010229,0.0268707,0.00240505,0.000299912,0.000646712,0.000299912,0.00327927,0.000926019,0.000646712,0.000926019,0.00184935,1.66228,1.76407,0.505663,0.736425,-0.267928,2.09045,0.486951,-0.562365,1.52366,1354.31,1132.51,620.469,1132.51,2007.83,-442.087,620.469,-442.087,1972.56</RelativePose>
			</Neighbour>
		</Neighbours>
	</Model>
	<Model id="11">
		<ModelPath>D:\Cupec\Documents\Datasets\RGBDPanTiltIndoor\Exp150113\Exp0\sl-00195-M.dat</ModelPath>
		<ImagePath>D:\Cupec\Documents\Datasets\RGBDPanTiltIndoor\Exp150113\Exp0\sl-00195-LW.bmp</ImagePath>
		<AbsolutePose>0,0,0,0,0,0,0,0,0,0,0,0</AbsolutePose>
		<Neighbours>
			<Neighbour>
				<Id>9</Id>
				<RelativePose>-1.56611,-15.2743,336.569,0.130846,0.0172474,0.991253,0.000684249,0.999847,-0.0174872,-0.991402,0.00296641,0.130815,0.000441987,-0.000315198,-0.000731051,-0.000315198,0.00210333,0.00151726,-0.000731051,0.00151726,0.00277266,0.108769,0.571119,0.334646,0.258089,-0.713009,-1.56643,-0.0354271,-1.92975,-1.55534,156.131,85.0324,-307.229,85.0324,1477.12,1033.13,-307.229,1033.13,1331.43</RelativePose>
			</Neighbour>
			<Neighbour>
				<Id>12</Id>
				<RelativePose>341.502,-1.61123,190.853,0.111019,0.00631223,-0.993798,0.00299616,0.999973,0.00668616,0.993814,-0.00371987,0.110997,0.00273699,-5.1871e-005,8.90233e-005,-5.1871e-005,0.00411752,2.41453e-005,8.90233e-005,2.41453e-005,0.00272967,0.848841,1.49369,-0.0543792,0.201271,-0.028234,-0.185834,0.16652,0.765365,1.05236,328.486,497.317,32.9797,497.317,1128.36,251.625,32.9797,251.625,467.759</RelativePose>
			</Neighbour>
		</Neighbours>
	</Model>
	<Model id="12">
		<ModelPath>D:\Cupec\Documents\Datasets\RGBDPanTiltIndoor\Exp150113\Exp0\sl-00210-M.dat</ModelPath>
		<ImagePath>D:\Cupec\Documents\Datasets\RGBDPanTiltIndoor\Exp150113\Exp0\sl-00210-LW.bmp</ImagePath>
		<AbsolutePose>0,0,0,0,0,0,0,0,0,0,0,0</AbsolutePose>
		<Neighbours>
			<Neighbour>
				<Id>11</Id>
				<RelativePose>-227.581,0.165491,318.211,0.111019,0.00299616,0.993814,0.00631223,0.999973,-0.00371987,-0.993798,0.00668616,0.110997,0.00274953,2.29204e-005,-8.73225e-005,2.29204e-005,0.00411661,6.38498e-005,-8.73225e-005,6.38498e-005,0.00271805,-0.987839,1.78905,0.359555,0.997405,-0.0106698,-1.22219,-0.252893,-0.810342,-0.818173,681.993,-944.42,-453.677,-944.42,1498.02,528.998,-453.677,528.998,688.471</RelativePose>
			</Neighbour>
			<Neighbour>
				<Id>13</Id>
				<RelativePose>239.065,-13.3985,169.517,0.0162216,0.00547807,-0.999853,0.0292698,0.999554,0.0059513,0.99944,-0.0293621,0.016054,0.000536741,0.000877934,0.000520386,0.000877934,0.00246199,0.00157066,0.000520386,0.00157066,0.00181764,-0.376777,-0.0126369,0.00152354,-0.848644,-0.0676993,0.0398597,-0.432286,-0.454364,0.391119,409.467,22.7058,35.2931,22.7058,258.59,-174.61,35.2931,-174.61,203.907</RelativePose>
			</Neighbour>
		</Neighbours>
	</Model>
	<Model id="13">
		<ModelPath>D:\Cupec\Documents\Datasets\RGBDPanTiltIndoor\Exp150113\Exp0\sl-00225-M.dat</ModelPath>
		<ImagePath>D:\Cupec\Documents\Datasets\RGBDPanTiltIndoor\Exp150113\Exp0\sl-00225-LW.bmp</ImagePath>
		<AbsolutePose>0,0,0,0,0,0,0,0,0,0,0,0</AbsolutePose>
		<Neighbours>
			<Neighbour>
				<Id>12</Id>
				<RelativePose>-172.908,17.0603,236.389,0.0162216,0.0292698,0.99944,0.00547807,0.999554,-0.0293621,-0.999853,0.0059513,0.016054,0.00192745,0.00160344,-0.000514524,0.00160344,0.00237863,-0.000826284,-0.000514524,-0.000826284,0.000510285,-0.0962409,-0.114009,-0.846385,0.388271,0.137856,-1.42515,-0.147549,-0.010865,0.571792,253.905,28.3948,-117.834,28.3948,121.042,14.6431,-117.834,14.6431,970.036</RelativePose>
			</Neighbour>
			<Neighbour>
				<Id>9</Id>
				<RelativePose>150.865,-8.97699,81.5964,0.0270125,0.00984827,-0.999587,0.0139936,0.99985,0.010229,0.999537,-0.0142642,0.0268707,0.0017969,-0.00091184,-0.000614588,-0.00091184,0.00330647,0.000318647,-0.000614588,0.000318647,0.0024303,-1.60721,0.865834,0.319919,2.61033,-0.403666,-0.425541,0.621192,1.34291,-1.58692,2664.14,-853.358,-211.593,-853.358,1697.42,-1161.26,-211.593,-1161.26,1177.73</RelativePose>
			</Neighbour>
		</Neighbours>
	</Model>
	<Model id="14">
		<ModelPath>D:\Cupec\Documents\Datasets\RGBDPanTiltIndoor\Exp150113\Exp0\sl-00240-M.dat</ModelPath>
		<ImagePath>D:\Cupec\Documents\Datasets\RGBDPanTiltIndoor\Exp150113\Exp0\sl-00240-LW.bmp</ImagePath>
		<AbsolutePose>0,0,0,0,0,0,0,0,0,0,0,0</AbsolutePose>
		<Neighbours>
			<Neighbour>
				<Id>15</Id>
				<RelativePose>1181.49,-40.6761,991.85,0.0419578,0.0379332,-0.998399,-0.0343528,0.998743,0.0365026,0.998529,0.0327662,0.0432082,0.00228495,-0.000784136,-0.00039314,-0.000784136,0.0022286,-6.91632e-005,-0.00039314,-6.91632e-005,0.000470279,0.802251,2.31293,1.31654,-1.96101,-0.858757,-1.33703,0.211596,-0.160036,-0.144977,2345.47,970.983,639.125,970.983,2630.5,1372.18,639.125,1372.18,1843.93</RelativePose>
			</Neighbour>
		</Neighbours>
	</Model>
	<Model id="15">
		<ModelPath>D:\Cupec\Documents\Datasets\RGBDPanTiltIndoor\Exp150113\Exp0\sl-00255-M.dat</ModelPath>
		<ImagePath>D:\Cupec\Documents\Datasets\RGBDPanTiltIndoor\Exp150113\Exp0\sl-00255-LW.bmp</ImagePath>
		<AbsolutePose>0,0,0,0,0,0,0,0,0,0,0,0</AbsolutePose>
		<Neighbours>
			<Neighbour>
				<Id>14</Id>
				<RelativePose>-1041.36,-36.6919,1138.23,0.0419578,-0.0343528,0.998529,0.0379332,0.998743,0.0327662,-0.998399,0.0365026,0.0432082,0.000449612,-0.000173605,0.000282485,-0.000173605,0.00216187,0.000785336,0.000282485,0.000785336,0.00237234,-0.103172,0.760153,0.530771,3.35119,-0.132757,-4.56258,2.11295,0.427835,-1.92113,6311.35,2169.16,-5980.39,2169.16,1456.24,2140.93,-5980.39,2140.93,10260.8</RelativePose>
			</Neighbour>
			<Neighbour>
				<Id>16</Id>
				<RelativePose>1654.31,-53.9394,769.789,0.0671615,0.0256079,-0.997413,0.092456,0.99521,0.0317769,0.993449,-0.094351,0.0644722,0.00444278,9.15859e-006,-0.000104671,9.15859e-006,0.00313935,-0.000255864,-0.000104671,-0.000255864,0.0016635,-1.83547,5.36215,-0.444986,-1.45471,-0.280837,-5.12444,0.112429,-0.361471,-0.260012,2230.67,-2059.57,2533.4,-2059.57,6611.72,41.1647,2533.4,41.1647,9075.19</RelativePose>
			</Neighbour>
		</Neighbours>
	</Model>
	<Model id="16">
		<ModelPath>D:\Cupec\Documents\Datasets\RGBDPanTiltIndoor\Exp150113\Exp0\sl-00270-M.dat</ModelPath>
		<ImagePath>D:\Cupec\Documents\Datasets\RGBDPanTiltIndoor\Exp150113\Exp0\sl-00270-LW.bmp</ImagePath>
		<AbsolutePose>0,0,0,0,0,0,0,0,0,0,0,0</AbsolutePose>
		<Neighbours>
			<Neighbour>
				<Id>15</Id>
				<RelativePose>-870.865,83.948,1602.11,0.0671615,0.092456,0.993449,0.0256079,0.99521,-0.094351,-0.997413,0.0317769,0.0644722,0.00162779,-0.000111526,-8.90064e-005,-0.000111526,0.00317609,-5.90711e-005,-8.90064e-005,-5.90711e-005,0.00444175,0.865279,2.47031,-0.263102,7.37121,-1.19591,-7.0293,-0.212956,-1.42787,2.42144,18273.4,-547.867,-23573.8,-547.867,4551,-59.7207,-23573.8,-59.7207,17655.7</RelativePose>
			</Neighbour>
		</Neighbours>
	</Model>
	<Model id="17">
		<ModelPath>D:\Cupec\Documents\Datasets\RGBDPanTiltIndoor\Exp150113\Exp0\sl-00285-M.dat</ModelPath>
		<ImagePath>D:\Cupec\Documents\Datasets\RGBDPanTiltIndoor\Exp150113\Exp0\sl-00285-LW.bmp</ImagePath>
		<AbsolutePose>0,0,0,0,0,0,0,0,0,0,0,0</AbsolutePose>
		<Neighbours>
			<Neighbour>
				<Id>18</Id>
				<RelativePose>-1115.57,27.2707,496.37,0.0431344,0.00754202,0.999041,0.0299336,0.999513,-0.00883799,-0.998621,0.0302861,0.0428876,0.00273559,-0.000137988,-9.84248e-005,-0.000137988,0.000751996,-0.000217396,-9.84248e-005,-0.000217396,0.00123875,0.730678,4.29617,-0.0427455,-0.210529,-0.262047,0.161721,-0.033829,-0.248071,-0.090507,1000.98,1140.99,-39.8841,1140.99,6878.86,-65.8255,-39.8841,-65.8255,312.495</RelativePose>
			</Neighbour>
		</Neighbours>
	</Model>
	<Model id="18">
		<ModelPath>D:\Cupec\Documents\Datasets\RGBDPanTiltIndoor\Exp150113\Exp0\sl-00300-M.dat</ModelPath>
		<ImagePath>D:\Cupec\Documents\Datasets\RGBDPanTiltIndoor\Exp150113\Exp0\sl-00300-LW.bmp</ImagePath>
		<AbsolutePose>0,0,0,0,0,0,0,0,0,0,0,0</AbsolutePose>
		<Neighbours>
			<Neighbour>
				<Id>17</Id>
				<RelativePose>542.989,-33.8769,1093.46,0.0431344,0.0299336,-0.998621,0.00754202,0.999513,0.0302861,0.999041,-0.00883799,0.0428876,0.00126222,0.000197349,0.000156373,0.000197349,0.000737268,-0.000134472,0.000156373,-0.000134472,0.00272685,0.249048,1.71263,0.22441,0.52198,0.0165951,1.03199,-0.0593307,2.99713,-0.698857,657.078,411.777,760.636,411.777,5317.87,-1016.13,760.636,-1016.13,2302.88</RelativePose>
			</Neighbour>
			<Neighbour>
				<Id>19</Id>
				<RelativePose>-408.129,-40.4246,1408.16,-0.0471568,-0.000182074,0.998887,0.0167138,0.99986,0.000971298,-0.998748,0.016741,-0.0471472,0.00209698,-0.000110136,-7.71512e-006,-0.000110136,6.01023e-005,7.35074e-005,-7.71512e-006,7.35074e-005,0.00276035,0.297763,1.45928,0.024097,-0.00664366,-0.0790324,0.103493,0.0361072,-0.191478,0.832394,96.024,206.955,61.4908,206.955,1334.81,-65.331,61.4908,-65.331,1021.65</RelativePose>
			</Neighbour>
		</Neighbours>
	</Model>
	<Model id="19">
		<ModelPath>D:\Cupec\Documents\Datasets\RGBDPanTiltIndoor\Exp150113\Exp0\sl-00315-M.dat</ModelPath>
		<ImagePath>D:\Cupec\Documents\Datasets\RGBDPanTiltIndoor\Exp150113\Exp0\sl-00315-LW.bmp</ImagePath>
		<AbsolutePose>0,0,0,0,0,0,0,0,0,0,0,0</AbsolutePose>
		<Neighbours>
			<Neighbour>
				<Id>18</Id>
				<RelativePose>1387.82,16.7707,474.105,-0.0471568,0.0167138,-0.998748,-0.000182074,0.99986,0.016741,0.998887,0.000971298,-0.0471472,0.00275511,-0.000113317,3.69206e-005,-0.000113317,6.33601e-005,-0.000116092,3.69206e-005,-0.000116092,0.00209896,-1.03352,1.37495,0.0676741,0.208803,0.0244602,0.028677,-0.194553,-1.42239,-0.401065,1505.04,-647.097,19.8737,-647.097,1982.1,-195.531,19.8737,-195.531,136.988</RelativePose>
			</Neighbour>
		</Neighbours>
	</Model>
	<Model id="20">
		<ModelPath>D:\Cupec\Documents\Datasets\RGBDPanTiltIndoor\Exp150113\Exp0\sl-00330-M.dat</ModelPath>
		<ImagePath>D:\Cupec\Documents\Datasets\RGBDPanTiltIndoor\Exp150113\Exp0\sl-00330-LW.bmp</ImagePath>
		<AbsolutePose>0,0,0,0,0,0,0,0,0,0,0,0</AbsolutePose>
		<Neighbours>
			<Neighbour>
				<Id>8</Id>
				<RelativePose>1542.58,-876.721,-189.937,0.996357,0.0805788,0.0279155,-0.0788834,0.995237,-0.0572777,-0.0323979,0.054867,0.997968,0.0019104,-4.57953e-005,0.000803873,-4.57953e-005,0.000346037,-0.000586539,0.000803873,-0.000586539,0.00268621,-1.77836,-0.395492,1.66923,0.510677,1.86797,0.134442,-3.39971,-7.8251,0.885027,4914.28,8384.59,-2232.03,8384.59,25677.2,2642.65,-2232.03,2642.65,1849.83</RelativePose>
			</Neighbour>
			<Neighbour>
				<Id>23</Id>
				<RelativePose>-585.916,168.54,130.01,0.670359,-0.0354849,0.741188,0.0420004,0.999069,0.0098443,-0.740847,0.024531,0.671225,0.0018747,6.06829e-005,-0.00105213,6.06829e-005,0.00414115,2.78824e-005,-0.00105213,2.78824e-005,0.00289699,0.480907,3.03593,0.693257,-3.8815,-0.0127106,3.35949,-0.610171,-3.95258,0.282902,3924.62,1153.77,-3010.64,1153.77,7147.13,431.444,-3010.64,431.444,3486.25</RelativePose>
			</Neighbour>
		</Neighbours>
	</Model>
	<Model id="21">
		<ModelPath>D:\Cupec\Documents\Datasets\RGBDPanTiltIndoor\Exp150113\Exp0\sl-00345-M.dat</ModelPath>
		<ImagePath>D:\Cupec\Documents\Datasets\RGBDPanTiltIndoor\Exp150113\Exp0\sl-00345-LW.bmp</ImagePath>
		<AbsolutePose>0,0,0,0,0,0,0,0,0,0,0,0</AbsolutePose>
		<Neighbours/>
	</Model>
	<Model id="22">
		<ModelPath>D:\Cupec\Documents\Datasets\RGBDPanTiltIndoor\Exp150113\Exp0\sl-00360-M.dat</ModelPath>
		<ImagePath>D:\Cupec\Documents\Datasets\RGBDPanTiltIndoor\Exp150113\Exp0\sl-00360-LW.bmp</ImagePath>
		<AbsolutePose>0,0,0,0,0,0,0,0,0,0,0,0</AbsolutePose>
		<Neighbours>
			<Neighbour>
				<Id>6</Id>
				<RelativePose>-243.818,32.016,369.821,0.0226036,0.00375047,0.999737,0.00899374,0.999952,-0.00395462,-0.999704,0.00908077,0.0225688,0.00340134,-0.000102347,0.000680718,-0.000102347,0.00152433,0.000650718,0.000680718,0.000650718,0.00337852,0.599657,-2.20082,0.553129,0.206323,-0.466391,-2.40198,0.952263,-2.74078,0.205169,783.251,-312.963,745.393,-312.963,3545.54,-484.328,745.393,-484.328,4614.73</RelativePose>
			</Neighbour>
		</Neighbours>
	</Model>
	<Model id="23">
		<ModelPath>D:\Cupec\Documents\Datasets\RGBDPanTiltIndoor\Exp150113\Exp0\sl-00375-M.dat</ModelPath>
		<ImagePath>D:\Cupec\Documents\Datasets\RGBDPanTiltIndoor\Exp150113\Exp0\sl-00375-LW.bmp</ImagePath>
		<AbsolutePose>0,0,0,0,0,0,0,0,0,0,0,0</AbsolutePose>
		<Neighbours>
			<Neighbour>
				<Id>20</Id>
				<RelativePose>482.013,-192.364,345.348,0.670359,0.0420004,-0.740847,-0.0354849,0.999069,0.024531,0.741188,0.0098443,0.671225,0.00348651,5.15058e-005,-0.000400238,5.15058e-005,0.00413645,0.000108673,-0.000400238,0.000108673,0.00128988,1.03306,6.39286,0.39201,0.376001,-0.424251,7.55025,0.316416,-1.1707,0.728798,760.507,999.003,583.238,999.003,11968.4,362.778,583.238,362.778,14256.1</RelativePose>
			</Neighbour>
		</Neighbours>
	</Model>
	<Model id="25">
		<ModelPath>D:\Cupec\Documents\Datasets\RGBDPanTiltIndoor\Exp150130\Faks-Map\sl-00060-M.dat</ModelPath>
		<ImagePath>D:\Cupec\Documents\Datasets\RGBDPanTiltIndoor\Exp150130\Faks-Map\sl-00060-LW.bmp</ImagePath>
		<AbsolutePose>0,0,0,0,0,0,0,0,0,0,0,0</AbsolutePose>
		<Neighbours>
			<Neighbour>
				<Id>26</Id>
				<RelativePose>-2132.72,-106.867,1010.15,-0.0226136,-0.0143971,0.999641,-0.0312121,0.999419,0.0136878,-0.999257,-0.0308914,-0.0230498,0.000358994,-9.83904e-005,0.000132634,-9.83904e-005,0.000884679,-0.000181501,0.000132634,-0.000181501,0.00199334,0.340314,1.08709,-0.240808,0.0428013,-0.293386,2.127,-0.414332,1.13346,0.641004,1345.42,749.446,80.1332,749.446,5492.73,-439.676,80.1332,-439.676,6387.02</RelativePose>
			</Neighbour>
		</Neighbours>
	</Model>
	<Model id="26">
		<ModelPath>D:\Cupec\Documents\Datasets\RGBDPanTiltIndoor\Exp150130\Faks-Map\sl-00075-M.dat</ModelPath>
		<ImagePath>D:\Cupec\Documents\Datasets\RGBDPanTiltIndoor\Exp150130\Faks-Map\sl-00075-LW.bmp</ImagePath>
		<AbsolutePose>0,0,0,0,0,0,0,0,0,0,0,0</AbsolutePose>
		<Neighbours>
			<Neighbour>
				<Id>25</Id>
				<RelativePose>957.836,107.305,2156.7,-0.0226136,-0.0312121,-0.999257,-0.0143971,0.999419,-0.0308914,0.999641,0.0136878,-0.0230498,0.00198595,0.000219318,-8.95475e-005,0.000219318,0.000899785,-8.97174e-005,-8.95475e-005,-8.97174e-005,0.000351271,-0.748865,3.21175,-0.00569634,2.98655,0.314568,1.82352,-0.323337,0.504371,-0.590384,11717.8,-2596.25,10843.8,-2596.25,8343.16,-1123.02,10843.8,-1123.02,5200.08</RelativePose>
			</Neighbour>
		</Neighbours>
	</Model>
	<Model id="30">
		<ModelPath>D:\Cupec\Documents\Datasets\RGBDPanTiltIndoor\Exp150130\Faks-Map\sl-00135-M.dat</ModelPath>
		<ImagePath>D:\Cupec\Documents\Datasets\RGBDPanTiltIndoor\Exp150130\Faks-Map\sl-00135-LW.bmp</ImagePath>
		<AbsolutePose>0,0,0,0,0,0,0,0,0,0,0,0</AbsolutePose>
		<Neighbours>
			<Neighbour>
				<Id>31</Id>
				<RelativePose>2997.74,-30.5844,2068.83,0.131585,0.00273063,-0.991301,-0.0284994,0.999593,-0.00102953,0.990895,0.028387,0.131609,0.00216192,8.77808e-006,-0.000487034,8.77808e-006,0.000256385,-6.61897e-005,-0.000487034,-6.61897e-005,0.00374203,-1.64761,4.36108,0.413096,-0.190624,0.0112125,0.376306,1.11702,-2.47973,0.708346,20788.9,-3036.05,-3991.76,-3036.05,10274.7,373.589,-3991.76,373.589,1581.31</RelativePose>
			</Neighbour>
			<Neighbour>
				<Id>32</Id>
				<RelativePose>-3639.57,-89.3726,3364.66,-0.136828,-0.0401901,0.989779,0.00603854,0.999124,0.0414043,-0.990576,0.0116421,-0.136465,0.00259125,-1.58782e-006,-0.00053509,-1.58782e-006,0.0062402,6.75042e-005,-0.00053509,6.75042e-005,0.00238711,2.58309,5.00218,-0.696772,16.4606,0.203266,14.4073,-0.426936,2.21253,2.09742,52324.6,5386.37,36562.2,5386.37,17371,1706.65,36562.2,1706.65,37530.5</RelativePose>
			</Neighbour>
		</Neighbours>
	</Model>
	<Model id="31">
		<ModelPath>D:\Cupec\Documents\Datasets\RGBDPanTiltIndoor\Exp150130\Faks-Map\sl-00150-M.dat</ModelPath>
		<ImagePath>D:\Cupec\Documents\Datasets\RGBDPanTiltIndoor\Exp150130\Faks-Map\sl-00150-LW.bmp</ImagePath>
		<AbsolutePose>0,0,0,0,0,0,0,0,0,0,0,0</AbsolutePose>
		<Neighbours>
			<Neighbour>
				<Id>30</Id>
				<RelativePose>-2445.32,-36.3415,2699.36,0.131585,-0.0284994,0.990895,0.00273063,0.999593,0.028387,-0.991301,-0.00102953,0.131609,0.00358851,3.12408e-005,0.000676537,3.12408e-005,0.000255425,3.9905e-006,0.000676537,3.9905e-006,0.00231641,-0.663267,9.43032,1.1531,0.111995,0.0713354,-0.873622,0.528759,2.79218,1.71111,2362.07,-1831.14,7167.25,-1831.14,26090.8,-2768.54,7167.25,-2768.54,22468.8</RelativePose>
			</Neighbour>
		</Neighbours>
	</Model>
	<Model id="32">
		<ModelPath>D:\Cupec\Documents\Datasets\RGBDPanTiltIndoor\Exp150130\Faks-Map\sl-00120-M.dat</ModelPath>
		<ImagePath>D:\Cupec\Documents\Datasets\RGBDPanTiltIndoor\Exp150130\Faks-Map\sl-00120-LW.bmp</ImagePath>
		<AbsolutePose>0,0,0,0,0,0,0,0,0,0,0,0</AbsolutePose>
		<Neighbours>
			<Neighbour>
				<Id>30</Id>
				<RelativePose>2835.5,-96.1519,4065.23,-0.136828,0.00603854,-0.990576,-0.0401901,0.999124,0.0116421,0.989779,0.0414043,-0.136465,0.00224522,-6.26683e-005,0.000485131,-6.26683e-005,0.00623598,0.000131435,0.000485131,0.000131435,0.00273736,-2.08573,4.79795,-0.0632239,33.054,0.676427,4.55014,-0.256859,-1.11434,-2.49407,179615,-6185.49,131098,-6185.49,15235,-2031.63,131098,-2031.63,11927.4</RelativePose>
			</Neighbour>
		</Neighbours>
	</Model>
	<Model id="33">
		<ModelPath>D:\Cupec\Documents\Datasets\RGBDPanTiltIndoor\Exp150130\Faks-Map\sl-00210-M.dat</ModelPath>
		<ImagePath>D:\Cupec\Documents\Datasets\RGBDPanTiltIndoor\Exp150130\Faks-Map\sl-00210-LW.bmp</ImagePath>
		<AbsolutePose>0,0,0,0,0,0,0,0,0,0,0,0</AbsolutePose>
		<Neighbours>
			<Neighbour>
				<Id>34</Id>
				<RelativePose>-516.236,8.64041,2040.3,0.0433243,-0.00819684,0.999027,0.012145,0.999897,0.00767729,-0.998987,0.0118006,0.0434194,0.0058282,9.71128e-005,-8.46906e-005,9.71128e-005,0.00821686,6.80876e-005,-8.46906e-005,6.80876e-005,0.00503156,0.633816,3.79442,-0.0135593,1.34116,0.345093,0.89639,-0.212115,7.65638,4.24895,706.169,-301.733,192.527,-301.733,23541.3,6547.46,192.527,6547.46,8437.85</RelativePose>
			</Neighbour>
			<Neighbour>
				<Id>35</Id>
				<RelativePose>893.41,40.357,1945.44,0.0378126,0.0264628,-0.998934,-0.0261876,0.999332,0.025482,0.998942,0.0251961,0.0384803,0.00592516,-0.00017487,0.000373946,-0.00017487,0.00743854,0.00120641,0.000373946,0.00120641,0.0032245,-7.23105,4.70001,-0.544271,-9.54555,-0.840027,9.17226,-1.93707,-1.39099,1.64076,22708.1,-4464.63,-11112,-4464.63,10775.9,-1240.44,-11112,-1240.44,13097.3</RelativePose>
			</Neighbour>
		</Neighbours>
	</Model>
	<Model id="34">
		<ModelPath>D:\Cupec\Documents\Datasets\RGBDPanTiltIndoor\Exp150130\Faks-Map\sl-00225-M.dat</ModelPath>
		<ImagePath>D:\Cupec\Documents\Datasets\RGBDPanTiltIndoor\Exp150130\Faks-Map\sl-00225-LW.bmp</ImagePath>
		<AbsolutePose>0,0,0,0,0,0,0,0,0,0,0,0</AbsolutePose>
		<Neighbours>
			<Neighbour>
				<Id>33</Id>
				<RelativePose>2060.49,-36.9477,427.079,0.0433243,0.012145,-0.998987,-0.00819684,0.999897,0.0118006,0.999027,0.00767729,0.0434194,0.0050393,-2.61428e-005,0.000119865,-2.61428e-005,0.00821628,0.000116924,0.000119865,0.000116924,0.00582103,-4.04097,-5.60258,-0.506012,17.7621,0.262959,2.95571,0.502836,-7.80863,-0.442775,46344.9,1708.25,9851,1708.25,25606.4,1079.93,9851,1079.93,1563.04</RelativePose>
			</Neighbour>
		</Neighbours>
	</Model>
	<Model id="35">
		<ModelPath>D:\Cupec\Documents\Datasets\RGBDPanTiltIndoor\Exp150130\Faks-Map\sl-00240-M.dat</ModelPath>
		<ImagePath>D:\Cupec\Documents\Datasets\RGBDPanTiltIndoor\Exp150130\Faks-Map\sl-00240-LW.bmp</ImagePath>
		<AbsolutePose>0,0,0,0,0,0,0,0,0,0,0,0</AbsolutePose>
		<Neighbours>
			<Neighbour>
				<Id>33</Id>
				<RelativePose>-1976.11,-112.99,816.569,0.0378126,-0.0261876,0.998942,0.0264628,0.999332,0.0251961,-0.998934,0.025482,0.0384803,0.00319673,0.0010997,-0.00045268,0.0010997,0.00748681,0.000248504,-0.00045268,0.000248504,0.00590466,0.341075,0.588062,-2.80577,4.88649,0.915845,-16.0987,0.102966,6.37387,6.20506,4974.44,-1289.47,15530,-1289.47,13393.7,-5773.64,15530,-5773.64,43434.6</RelativePose>
			</Neighbour>
		</Neighbours>
	</Model>
	<Model id="36">
		<ModelPath>D:\Cupec\Documents\Datasets\RGBDPanTiltIndoor\Exp150130\Faks-Map\sl-00285-M.dat</ModelPath>
		<ImagePath>D:\Cupec\Documents\Datasets\RGBDPanTiltIndoor\Exp150130\Faks-Map\sl-00285-LW.bmp</ImagePath>
		<AbsolutePose>0,0,0,0,0,0,0,0,0,0,0,0</AbsolutePose>
		<Neighbours>
			<Neighbour>
				<Id>37</Id>
				<RelativePose>1333.77,-65.5466,1399.28,-0.0902895,0.0300463,-0.995462,-0.0262501,0.999126,0.0325378,0.99557,0.0290689,-0.0894218,0.00411456,-8.37587e-005,0.00021986,-8.37587e-005,0.00452313,0.00018068,0.00021986,0.00018068,0.00449005,-2.21719,2.26134,-0.503882,4.46348,0.0860592,-8.87762,-0.251507,-0.579781,-4.76034,6272.49,-1019.59,-7665.9,-1019.59,2071.33,148.616,-7665.9,148.616,24493.9</RelativePose>
			</Neighbour>
			<Neighbour>
				<Id>38</Id>
				<RelativePose>-1489.72,-59.2401,2214.87,-0.0589081,0.00325756,0.998258,0.0607855,0.998151,0.000329799,-0.996411,0.060699,-0.0589971,0.00155337,0.000104922,0.000368229,0.000104922,0.00198597,-7.06018e-005,0.000368229,-7.06018e-005,0.00454084,1.43329,0.497592,0.2794,-0.87204,0.0587139,2.5087,0.502814,-4.83598,3.2565,3090.46,323.302,-378.861,323.302,8543.68,-3397.12,-378.861,-3397.12,9604.72</RelativePose>
			</Neighbour>
		</Neighbours>
	</Model>
	<Model id="37">
		<ModelPath>D:\Cupec\Documents\Datasets\RGBDPanTiltIndoor\Exp150130\Faks-Map\sl-00300-M.dat</ModelPath>
		<ImagePath>D:\Cupec\Documents\Datasets\RGBDPanTiltIndoor\Exp150130\Faks-Map\sl-00300-LW.bmp</ImagePath>
		<AbsolutePose>0,0,0,0,0,0,0,0,0,0,0,0</AbsolutePose>
		<Neighbours>
			<Neighbour>
				<Id>36</Id>
				<RelativePose>-1274.38,-15.2612,1454.98,-0.0902895,-0.0262501,0.99557,0.0300463,0.999126,0.0290689,-0.995462,0.0325378,-0.0894218,0.00443764,0.000193357,-0.000245561,0.000193357,0.00452859,7.26058e-005,-0.000245561,7.26058e-005,0.00416151,4.81957,5.21613,0.127693,14.9388,0.0870682,-0.857143,-0.656216,2.70695,2.22738,56085.6,10425.3,-21936.2,10425.3,9016.57,-1035.43,-21936.2,-1035.43,2065.97</RelativePose>
			</Neighbour>
		</Neighbours>
	</Model>
	<Model id="38">
		<ModelPath>D:\Cupec\Documents\Datasets\RGBDPanTiltIndoor\Exp150130\Faks-Map\sl-00315-M.dat</ModelPath>
		<ImagePath>D:\Cupec\Documents\Datasets\RGBDPanTiltIndoor\Exp150130\Faks-Map\sl-00315-LW.bmp</ImagePath>
		<AbsolutePose>0,0,0,0,0,0,0,0,0,0,0,0</AbsolutePose>
		<Neighbours>
			<Neighbour>
				<Id>36</Id>
				<RelativePose>2122.76,-70.4571,1617.82,-0.0589081,0.0607855,-0.996411,0.00325756,0.998151,0.060699,0.998258,0.000329799,-0.0589971,0.00457206,-9.31411e-005,-0.00018272,-9.31411e-005,0.00198765,0.000120387,-0.00018272,0.000120387,0.00152047,-2.91022,12.5244,1.4127,7.14039,-0.882839,3.59799,0.256054,-2.66917,-1.28088,31046,-14556.9,13908.9,-14556.9,40389.2,208.146,13908.9,208.146,9794.31</RelativePose>
			</Neighbour>
		</Neighbours>
	</Model>
	<Model id="39">
		<ModelPath>D:\Cupec\Documents\Datasets\RGBDPanTiltIndoor\Exp150130\Faks-Map\sl-00330-M.dat</ModelPath>
		<ImagePath>D:\Cupec\Documents\Datasets\RGBDPanTiltIndoor\Exp150130\Faks-Map\sl-00330-LW.bmp</ImagePath>
		<AbsolutePose>0,0,0,0,0,0,0,0,0,0,0,0</AbsolutePose>
		<Neighbours>
			<Neighbour>
				<Id>40</Id>
				<RelativePose>2039.22,-46.6469,1418.81,0.0658042,0.0243485,-0.997535,-0.017567,0.999576,0.0232394,0.997678,0.0159945,0.066204,0.00440146,9.09986e-005,-0.00015631,9.09986e-005,0.00445724,6.83565e-005,-0.00015631,6.83565e-005,0.00415581,-5.09256,7.50028,0.65407,0.327786,0.269812,-7.46203,0.00789788,0.759359,-3.40598,8674.82,-8649.21,-1616.09,-8649.21,13955.2,52.4556,-1616.09,52.4556,16870.2</RelativePose>
			</Neighbour>
		</Neighbours>
	</Model>
	<Model id="40">
		<ModelPath>D:\Cupec\Documents\Datasets\RGBDPanTiltIndoor\Exp150130\Faks-Map\sl-00345-M.dat</ModelPath>
		<ImagePath>D:\Cupec\Documents\Datasets\RGBDPanTiltIndoor\Exp150130\Faks-Map\sl-00345-LW.bmp</ImagePath>
		<AbsolutePose>0,0,0,0,0,0,0,0,0,0,0,0</AbsolutePose>
		<Neighbours>
			<Neighbour>
				<Id>39</Id>
				<RelativePose>-1550.52,-25.7178,1941.35,0.0658042,-0.017567,0.997678,0.0243485,0.999576,0.0159945,-0.997535,0.0232394,0.066204,0.00413384,6.52352e-005,0.000141873,6.52352e-005,0.00446363,-8.28577e-005,0.000141873,-8.28577e-005,0.00441705,3.41147,9.42089,-0.523491,13.8358,0.276011,-9.38693,1.24758,-0.412535,5.05781,47526.3,15929,-42464,15929,22510.3,-9351.3,-42464,-9351.3,27906.9</RelativePose>
			</Neighbour>
			<Neighbour>
				<Id>41</Id>
				<RelativePose>1105.22,-64.5343,1887.51,-0.0889755,0.0420228,-0.995147,-0.0551946,0.997366,0.0470515,0.994503,0.0591131,-0.0864218,0.0049933,-1.72359e-005,0.000335336,-1.72359e-005,0.00388969,0.00413779,0.000335336,0.00413779,0.00493743,-5.53047,4.36574,-0.9336,3.97996,4.49479,5.38905,3.99766,5.67776,6.06059,14690.9,-34.1506,7395.35,-34.1506,10286.3,5902.95,7395.35,5902.95,8079.19</RelativePose>
			</Neighbour>
		</Neighbours>
	</Model>
	<Model id="41">
		<ModelPath>D:\Cupec\Documents\Datasets\RGBDPanTiltIndoor\Exp150130\Faks-Map\sl-00360-M.dat</ModelPath>
		<ImagePath>D:\Cupec\Documents\Datasets\RGBDPanTiltIndoor\Exp150130\Faks-Map\sl-00360-LW.bmp</ImagePath>
		<AbsolutePose>0,0,0,0,0,0,0,0,0,0,0,0</AbsolutePose>
		<Neighbours>
			<Neighbour>
				<Id>40</Id>
				<RelativePose>-1782.36,-93.6569,1266.01,-0.0889755,-0.0551946,0.994503,0.0420228,0.997366,0.0591131,-0.995147,0.0470515,-0.0864218,0.00442091,0.004162,-0.000109146,0.004162,0.00438343,-0.00040052,-0.000109146,-0.00040052,0.00501609,1.71296,10.3847,-0.286823,2.25932,9.53571,-0.815735,-1.65923,3.93457,5.48236,2175.67,-15987,-4607.94,-15987,28471.9,-15463.5,-4607.94,-15463.5,10419.5</RelativePose>
			</Neighbour>
		</Neighbours>
	</Model>
	<Model id="42">
		<ModelPath>D:\Cupec\Documents\Datasets\RGBDPanTiltIndoor\Exp150130\Faks-Map\sl-00375-M.dat</ModelPath>
		<ImagePath>D:\Cupec\Documents\Datasets\RGBDPanTiltIndoor\Exp150130\Faks-Map\sl-00375-LW.bmp</ImagePath>
		<AbsolutePose>0,0,0,0,0,0,0,0,0,0,0,0</AbsolutePose>
		<Neighbours>
			<Neighbour>
				<Id>44</Id>
				<RelativePose>2165.26,-57.5048,1210.5,-0.110947,0.0592867,-0.992056,0.00243204,0.998232,0.0593837,0.993823,0.00417573,-0.110895,0.00454394,3.92347e-005,0.000157914,3.92347e-005,0.00483238,0.000229246,0.000157914,0.000229246,0.00454522,-3.43972,7.52105,-1.01432,0.571543,-0.0084853,-6.30728,-0.103443,1.16954,-7.0643,5443.89,-5596.17,236.746,-5596.17,14144.4,-2929.53,236.746,-2929.53,20664.5</RelativePose>
			</Neighbour>
		</Neighbours>
	</Model>
	<Model id="43">
		<ModelPath>D:\Cupec\Documents\Datasets\RGBDPanTiltIndoor\Exp150130\Faks-Map\sl-00390-M.dat</ModelPath>
		<ImagePath>D:\Cupec\Documents\Datasets\RGBDPanTiltIndoor\Exp150130\Faks-Map\sl-00390-LW.bmp</ImagePath>
		<AbsolutePose>0,0,0,0,0,0,0,0,0,0,0,0</AbsolutePose>
		<Neighbours>
			<Neighbour>
				<Id>44</Id>
				<RelativePose>-1633.4,-99.0493,1550.76,0.121473,-0.0536077,0.991146,0.0693301,0.99656,0.0454036,-0.990171,0.063201,0.124772,0.00450822,0.00010417,9.574e-005,0.00010417,0.00470268,-6.57258e-005,9.574e-005,-6.57258e-005,0.00448325,3.72887,2.8316,1.30443,-0.730858,-0.0059938,8.31583,-0.355825,-2.97569,4.16778,4978.27,2698.32,-745.003,2698.32,3878.49,-2185.15,-745.003,-2185.15,20364.7</RelativePose>
			</Neighbour>
		</Neighbours>
	</Model>
	<Model id="44">
		<ModelPath>D:\Cupec\Documents\Datasets\RGBDPanTiltIndoor\Exp150130\Faks-Map\sl-00405-M.dat</ModelPath>
		<ImagePath>D:\Cupec\Documents\Datasets\RGBDPanTiltIndoor\Exp150130\Faks-Map\sl-00405-LW.bmp</ImagePath>
		<AbsolutePose>0,0,0,0,0,0,0,0,0,0,0,0</AbsolutePose>
		<Neighbours>
			<Neighbour>
				<Id>43</Id>
				<RelativePose>1740.8,-86.8639,1429.94,0.121473,0.0693301,-0.990171,-0.0536077,0.99656,0.063201,0.991146,0.0454036,0.124772,0.00447242,9.76062e-005,-7.86924e-005,9.76062e-005,0.00468119,0.000108237,-7.86924e-005,0.000108237,0.00454054,-3.25934,9.70296,-0.348517,15.5823,-0.168542,9.62975,3.02308,-5.24204,-3.09573,57571.4,-20783.2,40873.3,-20783.2,26788.5,-1837.92,40873.3,-1837.92,23998.7</RelativePose>
			</Neighbour>
			<Neighbour>
				<Id>42</Id>
				<RelativePose>-962.658,-76.0223,2285.71,-0.110947,0.00243204,0.993823,0.0592867,0.998232,0.00417573,-0.992056,0.0593837,-0.110895,0.00451147,0.000233027,-0.000140735,0.000233027,0.004838,-4.86311e-005,-0.000140735,-4.86311e-005,0.00457208,7.40035,10.081,0.558259,12.1787,0.245764,-9.39583,-2.0053,-3.41161,3.02589,43861.7,30483.6,-38578.2,30483.6,26160.7,-5156.55,-38578.2,-5156.55,23103.9</RelativePose>
			</Neighbour>
		</Neighbours>
	</Model>
	<Model id="45">
		<ModelPath>D:\Cupec\Documents\Datasets\RGBDPanTiltIndoor\Exp150130\Faks-Map\sl-00420-M.dat</ModelPath>
		<ImagePath>D:\Cupec\Documents\Datasets\RGBDPanTiltIndoor\Exp150130\Faks-Map\sl-00420-LW.bmp</ImagePath>
		<AbsolutePose>0,0,0,0,0,0,0,0,0,0,0,0</AbsolutePose>
		<Neighbours>
			<Neighbour>
				<Id>46</Id>
				<RelativePose>-400.992,-14.3656,988.378,0.0618738,-0.0182302,0.997917,0.0429051,0.998958,0.0155889,-0.997161,0.0418512,0.0625915,0.00434563,4.07214e-005,0.000135847,4.07214e-005,0.00701316,0.000289345,0.000135847,0.000289345,0.00564967,3.46259,4.48275,-1.37196,-12.542,-0.159902,10.8316,-1.91858,10.1249,-2.21081,26029.7,1217.3,-19435.8,1217.3,22979.2,-6516.68,-19435.8,-6516.68,21934.2</RelativePose>
			</Neighbour>
			<Neighbour>
				<Id>47</Id>
				<RelativePose>585.158,-52.8202,1202.09,0.0514106,0.0355291,-0.998045,0.00262666,0.999359,0.0357111,0.998674,-0.00445746,0.0512843,0.00436677,0.000181762,0.000291681,0.000181762,0.00743466,0.00111701,0.000291681,0.00111701,0.00587848,-4.28492,1.51721,0.411504,-22.9933,-1.40693,5.66375,-5.29764,-3.87768,-9.1591,79261.4,4181,-14811.4,4181,3989,5645.83,-14811.4,5645.83,22523.5</RelativePose>
			</Neighbour>
		</Neighbours>
	</Model>
	<Model id="46">
		<ModelPath>D:\Cupec\Documents\Datasets\RGBDPanTiltIndoor\Exp150130\Faks-Map\sl-00435-M.dat</ModelPath>
		<ImagePath>D:\Cupec\Documents\Datasets\RGBDPanTiltIndoor\Exp150130\Faks-Map\sl-00435-LW.bmp</ImagePath>
		<AbsolutePose>0,0,0,0,0,0,0,0,0,0,0,0</AbsolutePose>
		<Neighbours>
			<Neighbour>
				<Id>45</Id>
				<RelativePose>1011,-34.3244,338.517,0.0618738,0.0429051,-0.997161,-0.0182302,0.998958,0.0418512,0.997917,0.0155889,0.0625915,0.00560588,-0.000222486,-0.000216197,-0.000222486,0.00703239,0.000109338,-0.000216197,0.000109338,0.00437018,2.79054,-7.58988,-1.83018,16.8861,-0.371238,16.1313,-1.06142,0.720002,-2.99605,46411.4,-3011.19,29636.9,-3011.19,10999.8,-2060.45,29636.9,-2060.45,40091.4</RelativePose>
			</Neighbour>
		</Neighbours>
	</Model>
	<Model id="47">
		<ModelPath>D:\Cupec\Documents\Datasets\RGBDPanTiltIndoor\Exp150130\Faks-Map\sl-00450-M.dat</ModelPath>
		<ImagePath>D:\Cupec\Documents\Datasets\RGBDPanTiltIndoor\Exp150130\Faks-Map\sl-00450-LW.bmp</ImagePath>
